2000  97  0  0    3.84  0.88
2000  97  0  1    3.88  0.90
2000  97  0  2    4.09  0.92
2000  97  0  3    4.01  0.81
2000  97  0  4    3.09  0.88
2000  97  0  5    1.76  0.89
2000  97  0  6    1.76 99.99
2000  97  0  7    2.24 99.99
2000  97  0  8    2.24 99.99
2000  97  0  9 9999.99 99.99
2000  97  0 10    2.02 99.99
2000  97  0 11 9999.99 99.99
2000  97  0 12    1.68  0.86
2000  97  0 13    2.10  0.86
2000  97  0 14    3.13  0.87
2000  97  0 15    2.16  0.81
2000  97  0 16    2.10  0.97
2000  97  0 17    1.99  0.97
2000  97  0 18    1.59  0.88
2000  97  0 19    1.24  0.93
2000  97  0 20    2.24  0.99
2000  97  0 21    2.29  0.96
2000  97  0 22 9999.99  1.04
2000  97  0 23    3.38 99.99
2000  97  0 24 9999.99 99.99
2000  97  0 25    0.91 99.99
2000  97  0 26    3.95  1.05
2000  97  0 27    2.17  0.98
2000  97  0 28    1.83  0.87
2000  97  0 29    3.04  0.80
2000  97  0 30    4.20  1.15
2000  97  0 31    3.94  1.01
2000  97  0 32    3.27  0.98
2000  97  0 33    3.07  0.91
2000  97  0 34    3.13  1.05
2000  97  0 35    3.37  1.10
2000  97  0 36    3.11  1.13
2000  97  0 37    2.75  1.02
2000  97  0 38    2.69  0.89
2000  97  0 39    2.72  0.89
2000  97  0 40    2.21  0.92
2000  97  0 41    2.34  0.93
2000  97  0 42    3.54  1.02
2000  97  0 43    4.20  1.04
2000  97  0 44    3.77  1.05
2000  97  0 45    3.92  0.89
2000  97  0 46    3.44  0.89
2000  97  0 47    3.43  0.83
2000  97  0 48    3.29  0.78
2000  97  0 49    3.46  0.80
2000  97  0 50    3.43  0.77
2000  97  0 51    3.59  0.76
2000  97  0 52    3.59  1.03
2000  97  0 53    3.43  0.98
2000  97  0 54    3.72 99.99
2000  97  0 55    3.73 99.99
2000  97  0 56    4.11  1.42
2000  97  0 57    4.60  1.70
2000  97  0 58    4.24  1.74
2000  97  0 59    4.24  1.71
2000  97  1  0    4.14  1.67
2000  97  1  1    3.92  1.64
2000  97  1  2    3.99  1.27
2000  97  1  3    3.79  1.09
2000  97  1  4    3.66  1.01
2000  97  1  5    3.32 99.99
2000  97  1  6    2.80 99.99
2000  97  1  7    2.86 99.99
2000  97  1  8    3.56  1.02
2000  97  1  9    3.13  1.04
2000  97  1 10    2.65  0.83
2000  97  1 11    2.58  0.90
2000  97  1 12    2.23  1.03
2000  97  1 13    2.56  1.03
2000  97  1 14    2.39  1.23
2000  97  1 15    2.56  1.14
2000  97  1 16    2.33  1.05
2000  97  1 17    2.23  1.19
2000  97  1 18    2.34  1.19
2000  97  1 19    1.99 99.99
2000  97  1 20    2.41  1.19
2000  97  1 21    2.65  1.18
2000  97  1 22    2.63  1.17
2000  97  1 23    2.39 99.99
2000  97  1 24    2.39  1.18
2000  97  1 25    2.54  1.18
2000  97  1 26    2.46  0.94
2000  97  1 27    2.39  0.94
2000  97  1 28    2.50 99.99
2000  97  1 29    2.34 99.99
2000  97  1 30    2.17  1.02
2000  97  1 31    2.58  1.02
2000  97  1 32    2.53  1.02
2000  97  1 33    2.40  1.00
2000  97  1 34    2.47  0.99
2000  97  1 35    2.13  0.97
2000  97  1 36    2.04  1.01
2000  97  1 37    2.77 99.99
2000  97  1 38    2.67  1.05
2000  97  1 39    2.56  1.05
2000  97  1 40    2.44  0.99
2000  97  1 41    2.58  1.05
2000  97  1 42    3.34  1.20
2000  97  1 43    2.35  1.10
2000  97  1 44    2.48  1.14
2000  97  1 45    2.76  1.13
2000  97  1 46    2.52  1.12
2000  97  1 47    2.20  1.19
2000  97  1 48    2.54  1.21
2000  97  1 49    2.54 99.99
2000  97  1 50    1.47  1.51
2000  97  1 51    2.05  1.58
2000  97  1 52    1.81  1.61
2000  97  1 53    2.51  1.46
2000  97  1 54 9999.99  1.46
2000  97  1 55    2.12 99.99
2000  97  1 56    1.76  1.48
2000  97  1 57    1.07  1.65
2000  97  1 58    1.59  1.76
2000  97  1 59   -0.72  2.25
2000  97  2  0   -2.28  2.01
2000  97  2  1   -3.32  1.85
2000  97  2  2   -3.85 99.99
2000  97  2  3   -3.64  1.47
2000  97  2  4   -2.98  1.66
2000  97  2  5   -2.57  1.32
2000  97  2  6   -2.59  1.55
2000  97  2  7   -2.79  1.57
2000  97  2  8   -2.90  1.55
2000  97  2  9   -2.99  1.54
2000  97  2 10   -2.91  1.64
2000  97  2 11   -2.88  1.59
2000  97  2 12   -2.91  1.44
2000  97  2 13   -2.96  1.44
2000  97  2 14   -2.90  1.50
2000  97  2 15   -2.96  1.75
2000  97  2 16   -2.97  1.41
2000  97  2 17   -3.07  1.41
2000  97  2 18   -3.19  1.40
2000  97  2 19   -3.30  1.41
2000  97  2 20   -3.05  1.38
2000  97  2 21   -3.00  1.57
2000  97  2 22   -2.96 99.99
2000  97  2 23   -3.09  1.41
2000  97  2 24   -3.18  1.40
2000  97  2 25   -3.36  1.29
2000  97  2 26   -3.55  1.29
2000  97  2 27   -3.48  1.38
2000  97  2 28   -3.71  1.53
2000  97  2 29   -3.65  1.67
2000  97  2 30   -3.30  1.73
2000  97  2 31   -3.52  1.54
2000  97  2 32   -3.79  1.54
2000  97  2 33   -4.12  1.38
2000  97  2 34   -4.54  1.51
2000  97  2 35   -4.52  1.59
2000  97  2 36   -4.52  1.66
2000  97  2 37   -4.30  1.96
2000  97  2 38   -4.17  1.79
2000  97  2 39   -4.29  1.60
2000  97  2 40   -3.81  1.57
2000  97  2 41   -3.72  1.58
2000  97  2 42   -4.29  1.90
2000  97  2 43   -4.36  1.74
2000  97  2 44   -4.26  1.75
2000  97  2 45   -4.20  1.90
2000  97  2 46   -4.01  1.49
2000  97  2 47   -4.21  1.49
2000  97  2 48   -4.00  1.63
2000  97  2 49   -3.75  1.60
2000  97  2 50   -3.86  1.61
2000  97  2 51   -3.98  1.61
2000  97  2 52   -4.06  1.71
2000  97  2 53   -3.98  1.74
2000  97  2 54   -3.98  1.90
2000  97  2 55   -3.91  1.66
2000  97  2 56   -3.82 99.99
2000  97  2 57   -3.87  1.56
2000  97  2 58   -3.74  1.74
2000  97  2 59   -3.68  1.69
2000  97  3  0   -3.81  1.67
2000  97  3  1   -3.84  1.67
2000  97  3  2   -3.80  1.56
2000  97  3  3   -3.77  1.67
2000  97  3  4   -3.77  1.62
2000  97  3  5   -3.89  1.40
2000  97  3  6   -3.82  1.51
2000  97  3  7   -4.00  1.29
2000  97  3  8   -3.93  1.74
2000  97  3  9   -4.12  1.74
2000  97  3 10   -3.86 99.99
2000  97  3 11   -3.92  1.74
2000  97  3 12   -3.98  1.72
2000  97  3 13   -4.39  1.64
2000  97  3 14   -4.09  1.61
2000  97  3 15   -3.88  1.62
2000  97  3 16   -3.71  1.69
2000  97  3 17   -3.69  1.66
2000  97  3 18   -4.21  1.47
2000  97  3 19   -4.59  1.58
2000  97  3 20   -4.68  1.59
2000  97  3 21   -4.67  1.52
2000  97  3 22   -4.85  1.52
2000  97  3 23   -5.25  1.60
2000  97  3 24   -4.91  1.56
2000  97  3 25   -4.65  1.42
2000  97  3 26   -4.60  1.37
2000  97  3 27   -4.66  1.45
2000  97  3 28   -4.79  1.52
2000  97  3 29   -4.66  1.47
2000  97  3 30   -4.73 99.99
2000  97  3 31   -4.42  1.54
2000  97  3 32   -4.57  1.51
2000  97  3 33   -4.91  1.46
2000  97  3 34   -4.85  1.59
2000  97  3 35   -4.70  1.56
2000  97  3 36   -4.12  1.62
2000  97  3 37   -4.14  1.69
2000  97  3 38   -4.34  1.66
2000  97  3 39   -4.30  2.00
2000  97  3 40   -4.37  2.18
2000  97  3 41   -4.69  2.37
2000  97  3 42   -4.34  1.48
2000  97  3 43   -5.18  1.48
2000  97  3 44   -5.50  1.53
2000  97  3 45   -5.62  1.44
2000  97  3 46   -5.81  1.60
2000  97  3 47   -6.29  1.59
2000  97  3 48   -6.37  1.49
2000  97  3 49   -6.15  1.79
2000  97  3 50   -6.21  1.75
2000  97  3 51   -6.59  1.75
2000  97  3 52   -6.02  1.55
2000  97  3 53   -6.04  1.57
2000  97  3 54   -6.18  1.68
2000  97  3 55   -3.39  1.69
2000  97  3 56   -2.72  1.43
2000  97  3 57   -2.70  1.49
2000  97  3 58   -2.65  1.49
2000  97  3 59   -2.53  1.50
2000  97  4  0   -2.86  1.37
2000  97  4  1   -2.65  1.55
2000  97  4  2   -2.66  1.44
2000  97  4  3   -3.04  1.51
2000  97  4  4   -3.03  1.52
2000  97  4  5   -2.97  1.42
2000  97  4  6   -3.39  1.42
2000  97  4  7   -3.30  1.45
2000  97  4  8   -3.23  1.37
2000  97  4  9   -3.15 99.99
2000  97  4 10   -3.14  1.40
2000  97  4 11   -3.00  1.40
2000  97  4 12   -3.36  1.49
2000  97  4 13   -3.39  1.50
2000  97  4 14   -3.25  1.44
2000  97  4 15   -3.29  1.41
2000  97  4 16   -3.21  1.42
2000  97  4 17   -3.13  1.42
2000  97  4 18   -2.64  1.52
2000  97  4 19   -2.70  1.50
2000  97  4 20   -3.07  1.48
2000  97  4 21   -3.18  1.51
2000  97  4 22   -3.43  1.43
2000  97  4 23   -3.43  1.41
2000  97  4 24   -3.31  1.37
2000  97  4 25   -3.38  1.39
2000  97  4 26   -3.19  1.43
2000  97  4 27   -3.12  1.32
2000  97  4 28   -2.98  1.44
2000  97  4 29   -2.98  1.32
2000  97  4 30   -3.19  1.39
2000  97  4 31   -3.10  1.35
2000  97  4 32   -3.18  1.34
2000  97  4 33   -3.17  1.38
2000  97  4 34   -3.09  1.34
2000  97  4 35   -3.12  1.37
2000  97  4 36   -2.82  1.41
2000  97  4 37   -2.80  1.42
2000  97  4 38   -2.84  1.49
2000  97  4 39   -2.95  1.39
2000  97  4 40   -2.95  1.42
2000  97  4 41   -2.92  1.36
2000  97  4 42   -2.91  1.42
2000  97  4 43   -3.14  1.53
2000  97  4 44   -3.20  1.43
2000  97  4 45   -3.22  1.33
2000  97  4 46   -3.27  1.39
2000  97  4 47   -3.30  1.32
2000  97  4 48   -3.32  1.44
2000  97  4 49   -3.34  1.42
2000  97  4 50   -3.39  1.44
2000  97  4 51   -2.50  1.32
2000  97  4 52   -3.00  1.51
2000  97  4 53   -3.32  1.42
2000  97  4 54   -3.94  1.61
2000  97  4 55   -3.93  1.79
2000  97  4 56   -4.31  2.06
2000  97  4 57   -4.54  2.00
2000  97  4 58   -4.11  2.01
2000  97  4 59   -3.72  2.01
2000  97  5  0   -3.07  1.54
2000  97  5  1   -3.09  1.56
2000  97  5  2   -3.23  1.69
2000  97  5  3   -3.22  1.54
2000  97  5  4   -3.19  1.61
2000  97  5  5   -3.15  1.54
2000  97  5  6   -3.16  1.57
2000  97  5  7   -3.20  1.59
2000  97  5  8   -3.18  1.58
2000  97  5  9   -3.11  1.58
2000  97  5 10   -3.06  1.58
2000  97  5 11   -2.99  1.55
2000  97  5 12   -2.91  1.62
2000  97  5 13   -3.10  1.51
2000  97  5 14   -3.26  1.68
2000  97  5 15   -3.27  1.51
2000  97  5 16   -2.94  1.56
2000  97  5 17   -3.33  1.45
2000  97  5 18   -3.19  1.59
2000  97  5 19   -3.27  1.57
2000  97  5 20   -3.49  1.54
2000  97  5 21   -3.27  1.55
2000  97  5 22   -3.31  1.33
2000  97  5 23   -3.31  1.41
2000  97  5 24   -3.55  1.44
2000  97  5 25   -3.10  1.38
2000  97  5 26   -3.17  1.53
2000  97  5 27   -3.45  1.54
2000  97  5 28   -3.51  1.49
2000  97  5 29   -3.06  1.42
2000  97  5 30   -3.36  1.57
2000  97  5 31   -3.15  1.41
2000  97  5 32   -2.76  1.42
2000  97  5 33   -2.36  1.33
2000  97  5 34   -2.35  1.48
2000  97  5 35   -2.17  1.42
2000  97  5 36   -2.93  1.45
2000  97  5 37   -3.50  1.54
2000  97  5 38   -2.96  1.57
2000  97  5 39   -2.90  1.53
2000  97  5 40   -2.94  1.50
2000  97  5 41   -2.81  1.44
2000  97  5 42   -2.60  1.44
2000  97  5 43   -2.17  1.33
2000  97  5 44   -1.87  1.35
2000  97  5 45   -1.77  1.15
2000  97  5 46   -1.98  1.47
2000  97  5 47   -1.73  1.37
2000  97  5 48   -2.27  1.40
2000  97  5 49   -2.06  1.54
2000  97  5 50   -2.21  1.47
2000  97  5 51   -2.06  1.46
2000  97  5 52   -1.92  1.38
2000  97  5 53   -1.92  1.38
2000  97  5 54   -2.07  1.40
2000  97  5 55   -1.73  1.48
2000  97  5 56   -1.35  1.51
2000  97  5 57   -1.79  1.42
2000  97  5 58   -1.87  1.42
2000  97  5 59   -1.42  1.42
2000  97  6  0   -1.45  1.41
2000  97  6  1   -0.26  1.33
2000  97  6  2    0.22  1.26
2000  97  6  3    0.67  1.30
2000  97  6  4    0.51  1.17
2000  97  6  5    0.74  1.19
2000  97  6  6    0.09  1.23
2000  97  6  7    0.09  1.21
2000  97  6  8    0.30  1.18
2000  97  6  9   -0.19  1.14
2000  97  6 10   -0.40  1.13
2000  97  6 11    0.51  1.26
2000  97  6 12   -0.42  1.14
2000  97  6 13   -3.06  0.87
2000  97  6 14   -2.98  1.21
2000  97  6 15   -3.23  1.31
2000  97  6 16   -3.23  1.19
2000  97  6 17   -3.24  1.23
2000  97  6 18   -3.26 99.99
2000  97  6 19   -3.13  1.29
2000  97  6 20   -3.12  1.25
2000  97  6 21   -3.10  1.21
2000  97  6 22   -3.17  1.24
2000  97  6 23   -3.18 99.99
2000  97  6 24   -3.17 99.99
2000  97  6 25   -3.25  1.25
2000  97  6 26   -3.29  1.25
2000  97  6 27   -3.31  1.25
2000  97  6 28   -3.29  1.24
2000  97  6 29   -3.23  1.18
2000  97  6 30   -3.29  1.22
2000  97  6 31   -3.39  1.07
2000  97  6 32   -3.33  1.07
2000  97  6 33   -3.27  1.18
2000  97  6 34   -3.48  1.23
2000  97  6 35   -3.52  1.23
2000  97  6 36   -3.39  1.28
2000  97  6 37   -3.18  1.24
2000  97  6 38   -3.12  1.11
2000  97  6 39   -2.96  1.23
2000  97  6 40   -3.14  1.23
2000  97  6 41   -3.20 99.99
2000  97  6 42   -3.16  1.30
2000  97  6 43   -3.36  1.68
2000  97  6 44   -3.29  1.65
2000  97  6 45   -3.35  1.58
2000  97  6 46   -3.26  1.52
2000  97  6 47   -3.27 99.99
2000  97  6 48   -3.28 99.99
2000  97  6 49   -3.23  1.95
2000  97  6 50   -3.20  1.63
2000  97  6 51   -3.15  1.76
2000  97  6 52   -2.98  1.79
2000  97  6 53   -2.92  1.76
2000  97  6 54   -3.09 99.99
2000  97  6 55   -3.02  1.71
2000  97  6 56   -2.72  1.71
2000  97  6 57   -2.81  1.87
2000  97  6 58   -2.99  2.18
2000  97  6 59   -3.28  2.00
2000  97  7  0   -3.03  1.90
2000  97  7  1   -3.16  1.87
2000  97  7  2   -3.38  1.88
2000  97  7  3   -3.26  1.61
2000  97  7  4   -3.35  1.58
2000  97  7  5   -3.35  1.85
2000  97  7  6   -3.13  1.82
2000  97  7  7   -3.15  1.81
2000  97  7  8   -2.96  1.66
2000  97  7  9   -2.66  1.65
2000  97  7 10   -2.64  1.57
2000  97  7 11   -2.78  1.56
2000  97  7 12   -2.65  1.55
2000  97  7 13   -2.52  1.58
2000  97  7 14   -2.45  1.51
2000  97  7 15   -2.19  1.56
2000  97  7 16   -1.98  1.63
2000  97  7 17   -1.98  1.54
2000  97  7 18   -2.00  1.48
2000  97  7 19   -1.98  1.48
2000  97  7 20   -2.09  1.64
2000  97  7 21   -2.14  1.69
2000  97  7 22   -2.08  1.65
2000  97  7 23   -2.07 99.99
2000  97  7 24   -2.17 99.99
2000  97  7 25   -2.03  1.54
2000  97  7 26   -2.00  1.60
2000  97  7 27   -1.91  1.67
2000  97  7 28   -1.81  1.69
2000  97  7 29   -1.77  1.67
2000  97  7 30   -1.82  1.65
2000  97  7 31   -1.79  1.65
2000  97  7 32   -1.67  1.67
2000  97  7 33   -1.85  1.58
2000  97  7 34   -1.21  1.50
2000  97  7 35   -1.53  1.69
2000  97  7 36   -1.15  1.74
2000  97  7 37   -1.31  1.71
2000  97  7 38   -1.36  1.71
2000  97  7 39   -1.29  1.59
2000  97  7 40   -1.35  1.57
2000  97  7 41   -1.09  1.57
2000  97  7 42   -1.01  1.58
2000  97  7 43   -1.05  1.60
2000  97  7 44   -1.04  1.60
2000  97  7 45   -1.07  1.65
2000  97  7 46   -1.13  1.62
2000  97  7 47   -1.16  1.56
2000  97  7 48   -1.19  1.43
2000  97  7 49   -1.08  1.70
2000  97  7 50   -1.12  1.52
2000  97  7 51   -1.34  1.54
2000  97  7 52   -1.10  1.59
2000  97  7 53   -0.84  1.64
2000  97  7 54   -0.85  1.64
2000  97  7 55   -0.93  1.64
2000  97  7 56   -1.00  1.67
2000  97  7 57   -1.09  1.55
2000  97  7 58   -1.11  1.63
2000  97  7 59   -1.22  1.67
2000  97  8  0   -0.99  1.68
2000  97  8  1   -1.00  1.75
2000  97  8  2   -0.86  1.70
2000  97  8  3   -0.74  1.60
2000  97  8  4   -0.95  1.63
2000  97  8  5   -0.92  1.71
2000  97  8  6   -0.91  1.68
2000  97  8  7   -0.87  1.72
2000  97  8  8   -0.86  1.65
2000  97  8  9   -0.83  1.61
2000  97  8 10   -0.86  1.60
2000  97  8 11   -0.82  1.63
2000  97  8 12   -0.81  1.61
2000  97  8 13   -0.94  1.58
2000  97  8 14   -0.71  1.61
2000  97  8 15   -0.55  1.61
2000  97  8 16   -0.57  1.43
2000  97  8 17   -0.64  1.64
2000  97  8 18   -0.60  1.57
2000  97  8 19   -0.42  1.56
2000  97  8 20   -0.69  1.59
2000  97  8 21   -0.99  1.56
2000  97  8 22   -0.85  1.47
2000  97  8 23   -0.65  1.47
2000  97  8 24   -0.49 99.99
2000  97  8 25   -0.49 99.99
2000  97  8 26   -0.33  1.63
2000  97  8 27   -0.30  1.63
2000  97  8 28   -0.08 99.99
2000  97  8 29    0.14 99.99
2000  97  8 30    0.40  1.74
2000  97  8 31   -0.73  1.33
2000  97  8 32   -0.31  1.17
2000  97  8 33   -0.54  1.57
2000  97  8 34   -2.04  1.03
2000  97  8 35   -1.71  0.87
2000  97  8 36   -0.94  1.13
2000  97  8 37   -0.90 99.99
2000  97  8 38   -1.48  0.98
2000  97  8 39   -0.51  1.00
2000  97  8 40   -0.48 99.99
2000  97  8 41   -0.82  0.96
2000  97  8 42   -1.06  0.89
2000  97  8 43   -1.23  0.87
2000  97  8 44   -1.61  0.93
2000  97  8 45   -1.40  0.86
2000  97  8 46   -1.98  1.01
2000  97  8 47   -1.45  1.01
2000  97  8 48   -1.67  0.99
2000  97  8 49   -1.53  0.92
2000  97  8 50   -1.89  0.88
2000  97  8 51   -1.98  0.92
2000  97  8 52   -2.14  0.96
2000  97  8 53   -2.22  0.96
2000  97  8 54   -2.05  0.98
2000  97  8 55   -3.25  1.06
2000  97  8 56   -3.47 99.99
2000  97  8 57   -2.92  1.02
2000  97  8 58   -3.12  1.03
2000  97  8 59   -2.75  1.27
2000  97  9  0   -2.52  1.03
2000  97  9  1   -2.94  1.24
2000  97  9  2   -3.25  1.05
2000  97  9  3   -2.80  1.06
2000  97  9  4   -2.82  1.08
2000  97  9  5   -2.73  1.02
2000  97  9  6   -2.27  1.08
2000  97  9  7   -2.42  0.98
2000  97  9  8   -2.69  1.09
2000  97  9  9   -2.39  1.05
2000  97  9 10   -1.20  0.99
2000  97  9 11   -0.57  0.87
2000  97  9 12   -0.54  0.96
2000  97  9 13   -0.61  1.00
2000  97  9 14   -0.17  1.04
2000  97  9 15   -0.55  1.03
2000  97  9 16   -0.77  1.03
2000  97  9 17   -0.56  0.95
2000  97  9 18   -0.47  0.92
2000  97  9 19   -0.63  1.02
2000  97  9 20   -0.38  0.90
2000  97  9 21    0.05  1.17
2000  97  9 22   -0.28  0.93
2000  97  9 23   -0.27  0.88
2000  97  9 24    0.07  0.90
2000  97  9 25   -0.02  0.91
2000  97  9 26   -0.27  0.92
2000  97  9 27    0.05  0.91
2000  97  9 28    0.11  0.96
2000  97  9 29    0.16  0.96
2000  97  9 30    0.04  1.21
2000  97  9 31    0.64  1.11
2000  97  9 32    0.71  1.18
2000  97  9 33    0.63  1.16
2000  97  9 34    0.55  1.16
2000  97  9 35    0.59  1.20
2000  97  9 36    0.20  1.27
2000  97  9 37    0.32  1.68
2000  97  9 38    0.63  1.77
2000  97  9 39    0.59  1.66
2000  97  9 40    0.30  1.61
2000  97  9 41   -0.28  1.28
2000  97  9 42   -0.84  1.08
2000  97  9 43   -0.59 99.99
2000  97  9 44   -0.58 99.99
2000  97  9 45   -0.48  1.15
2000  97  9 46   -0.91  1.28
2000  97  9 47   -0.81  1.25
2000  97  9 48   -0.82  1.01
2000  97  9 49   -0.77  0.96
2000  97  9 50   -0.76  1.07
2000  97  9 51   -0.90  1.05
2000  97  9 52   -1.06  1.14
2000  97  9 53   -0.85  1.18
2000  97  9 54   -0.94  1.24
2000  97  9 55   -1.06  1.34
2000  97  9 56   -1.24  1.27
2000  97  9 57   -0.95  1.22
2000  97  9 58   -0.92  1.22
2000  97  9 59   -0.94  1.05
2000  97 10  0   -0.92  1.07
2000  97 10  1   -0.78  1.31
2000  97 10  2   -0.96  1.34
2000  97 10  3   -0.99  1.24
2000  97 10  4   -0.61  1.34
2000  97 10  5   -0.59  1.32
2000  97 10  6   -0.49  1.32
2000  97 10  7   -0.06  1.35
2000  97 10  8   -0.91  1.16
2000  97 10  9   -1.64  1.34
2000  97 10 10   -1.14  1.44
2000  97 10 11   -1.49  1.60
2000  97 10 12   -1.44  1.60
2000  97 10 13   -1.22  1.60
2000  97 10 14   -1.26  1.53
2000  97 10 15   -1.79  1.56
2000  97 10 16   -1.88  1.56
2000  97 10 17   -1.28  1.51
2000  97 10 18   -1.35  1.56
2000  97 10 19   -1.37  1.77
2000  97 10 20   -1.12  1.54
2000  97 10 21   -1.18  1.90
2000  97 10 22   -1.82  1.75
2000  97 10 23   -2.25  1.66
2000  97 10 24   -2.65  2.50
2000  97 10 25   -1.53  2.50
2000  97 10 26   -0.08  2.48
2000  97 10 27    2.90  2.58
2000  97 10 28    2.88  1.49
2000  97 10 29    0.36  1.86
2000  97 10 30   -1.16  1.90
2000  97 10 31   -1.81  1.72
2000  97 10 32   -1.45  2.02
2000  97 10 33   -1.36  1.58
2000  97 10 34   -1.17  1.57
2000  97 10 35   -1.11  1.96
2000  97 10 36   -1.15  1.67
2000  97 10 37   -0.96  1.71
2000  97 10 38   -0.68  1.74
2000  97 10 39    0.30  1.70
2000  97 10 40    0.59  1.55
2000  97 10 41    0.15  1.58
2000  97 10 42    1.69  1.68
2000  97 10 43    3.27  1.53
2000  97 10 44    3.25  1.38
2000  97 10 45    0.19  1.41
2000  97 10 46   -0.97  1.55
2000  97 10 47   -0.94  1.26
2000  97 10 48   -0.92  1.66
2000  97 10 49   -0.94  1.65
2000  97 10 50   -1.28  1.63
2000  97 10 51   -1.41  1.63
2000  97 10 52   -1.25  1.66
2000  97 10 53   -1.32  1.15
2000  97 10 54   -1.49  1.11
2000  97 10 55   -1.69  1.02
2000  97 10 56   -1.93  1.16
2000  97 10 57   -1.56  1.50
2000  97 10 58   -1.34  1.23
2000  97 10 59   -1.90  1.37
2000  97 11  0   -1.72  1.53
2000  97 11  1   -1.95  1.56
2000  97 11  2   -3.06  1.61
2000  97 11  3   -3.66  1.72
2000  97 11  4   -1.80  1.48
2000  97 11  5   -0.15 99.99
2000  97 11  6   -1.94  1.82
2000  97 11  7   -1.21  1.61
2000  97 11  8    0.10  1.61
2000  97 11  9   -1.27  1.55
2000  97 11 10   -1.40  1.71
2000  97 11 11   -0.92 99.99
2000  97 11 12   -1.37  1.66
2000  97 11 13   -1.58  1.38
2000  97 11 14   -0.81  1.32
2000  97 11 15   -0.72  1.53
2000  97 11 16   -1.14  1.48
2000  97 11 17   -1.64  1.41
2000  97 11 18   -1.15  1.46
2000  97 11 19   -1.29  1.56
2000  97 11 20   -1.07  1.42
2000  97 11 21   -1.49  1.54
2000  97 11 22   -1.81  1.78
2000  97 11 23   -1.48  1.67
2000  97 11 24   -0.85  1.69
2000  97 11 25   -0.12  1.72
2000  97 11 26    0.67  1.69
2000  97 11 27    0.33  1.67
2000  97 11 28    1.18  1.70
2000  97 11 29    0.70  1.80
2000  97 11 30    0.41  1.83
2000  97 11 31    0.26  1.83
2000  97 11 32    0.55  1.76
2000  97 11 33   -0.78  1.82
2000  97 11 34   -1.02  1.77
2000  97 11 35   -2.35  1.80
2000  97 11 36   -1.19  1.87
2000  97 11 37   -2.85  1.96
2000  97 11 38   -2.40  2.15
2000  97 11 39   -3.01  2.37
2000  97 11 40   -2.73  2.69
2000  97 11 41   -2.86  2.75
2000  97 11 42   -3.27  2.69
2000  97 11 43   -3.94  2.43
2000  97 11 44   -3.04  2.15
2000  97 11 45   -2.86  2.34
2000  97 11 46   -2.87  2.34
2000  97 11 47   -2.96  2.63
2000  97 11 48   -2.20  2.49
2000  97 11 49   -2.00  2.68
2000  97 11 50   -2.42  2.62
2000  97 11 51   -3.84  1.82
2000  97 11 52   -3.75  1.55
2000  97 11 53   -3.61  1.73
2000  97 11 54   -2.89  1.89
2000  97 11 55   -3.58  1.94
2000  97 11 56   -2.18  1.81
2000  97 11 57   -2.18  2.04
2000  97 11 58   -1.85  2.06
2000  97 11 59    1.27  1.78
2000  97 12  0    1.43  1.39
2000  97 12  1    1.13  1.80
2000  97 12  2    1.35  1.80
2000  97 12  3    2.04  1.48
2000  97 12  4    2.51  1.26
2000  97 12  5    1.74  1.18
2000  97 12  6    1.40  1.32
2000  97 12  7    1.53  1.07
2000  97 12  8    1.30  0.94
2000  97 12  9    1.27  1.40
2000  97 12 10    1.09  1.39
2000  97 12 11    1.26  1.31
2000  97 12 12    0.86  1.49
2000  97 12 13    0.88  1.38
2000  97 12 14   -0.12  1.27
2000  97 12 15   -2.31  1.07
2000  97 12 16   -1.45  1.16
2000  97 12 17    0.04  1.17
2000  97 12 18    0.30  1.09
2000  97 12 19    0.06  1.11
2000  97 12 20   -0.99  1.30
2000  97 12 21   -0.90  1.21
2000  97 12 22   -3.40  1.03
2000  97 12 23   -3.44  1.08
2000  97 12 24   -4.23  0.73
2000  97 12 25   -4.16  0.62
2000  97 12 26   -4.23  0.65
2000  97 12 27   -4.25  0.62
2000  97 12 28   -4.17  0.62
2000  97 12 29   -4.23  0.64
2000  97 12 30   -4.18  0.64
2000  97 12 31   -4.01  0.55
2000  97 12 32   -4.14  0.55
2000  97 12 33   -4.15  0.55
2000  97 12 34   -4.13  0.53
2000  97 12 35   -4.07  0.53
2000  97 12 36   -4.19  0.57
2000  97 12 37   -4.07  0.70
2000  97 12 38   -4.47  0.61
2000  97 12 39   -4.69  0.63
2000  97 12 40   -4.05  0.83
2000  97 12 41   -3.45  0.87
2000  97 12 42   -3.44  0.76
2000  97 12 43   -3.32  0.70
2000  97 12 44   -3.43  1.12
2000  97 12 45   -3.27  1.25
2000  97 12 46   -2.81  1.25
2000  97 12 47   -2.72  1.23
2000  97 12 48   -3.62  1.22
2000  97 12 49   -3.62  1.17
2000  97 12 50   -3.82  1.25
2000  97 12 51   -3.88  1.20
2000  97 12 52   -3.75  1.41
2000  97 12 53   -3.51  1.41
2000  97 12 54   -3.49  1.42
2000  97 12 55   -3.38  1.24
2000  97 12 56   -3.40  1.29
2000  97 12 57   -3.20  1.23
2000  97 12 58   -3.52  1.31
2000  97 12 59   -3.69  1.30
2000  97 13  0   -3.42  1.25
2000  97 13  1   -3.63  1.26
2000  97 13  2   -3.44  1.42
2000  97 13  3   -3.62  1.43
2000  97 13  4   -3.79  1.45
2000  97 13  5   -3.48  1.42
2000  97 13  6   -3.72  1.41
2000  97 13  7   -3.65  1.46
2000  97 13  8   -3.81  1.41
2000  97 13  9   -3.74  1.35
2000  97 13 10   -3.63  1.37
2000  97 13 11   -3.52  1.41
2000  97 13 12   -4.21  1.41
2000  97 13 13   -4.13  1.34
2000  97 13 14   -4.32  1.44
2000  97 13 15   -4.37  1.47
2000  97 13 16   -4.17  1.30
2000  97 13 17   -4.17  1.43
2000  97 13 18   -4.54  1.47
2000  97 13 19   -4.20  1.46
2000  97 13 20   -3.62  1.51
2000  97 13 21   -4.47  1.55
2000  97 13 22   -5.17  1.54
2000  97 13 23   -5.35  1.59
2000  97 13 24   -5.05 99.99
2000  97 13 25   -4.57  1.54
2000  97 13 26   -3.22  1.54
2000  97 13 27   -1.69  1.50
2000  97 13 28   -1.58  1.45
2000  97 13 29   -0.06  1.45
2000  97 13 30   -0.51  1.46
2000  97 13 31   -0.82  1.37
2000  97 13 32   -0.50  1.50
2000  97 13 33   -0.53  1.33
2000  97 13 34   -0.41  1.48
2000  97 13 35   -0.30  1.57
2000  97 13 36   -0.33  1.47
2000  97 13 37   -0.75  1.50
2000  97 13 38    0.05  1.26
2000  97 13 39    0.27  1.28
2000  97 13 40    0.89  1.37
2000  97 13 41    1.45  1.46
2000  97 13 42    0.93  1.36
2000  97 13 43    1.29  1.30
2000  97 13 44    1.62  1.60
2000  97 13 45    0.74  1.37
2000  97 13 46    0.31  1.64
2000  97 13 47   -0.22  1.64
2000  97 13 48    0.40  1.75
2000  97 13 49    2.15  1.54
2000  97 13 50    1.82  1.48
2000  97 13 51    1.82  1.47
2000  97 13 52    1.33  1.39
2000  97 13 53    1.22  1.46
2000  97 13 54   -2.25  1.45
2000  97 13 55   -2.01  1.45
2000  97 13 56   -1.83  1.53
2000  97 13 57   -0.98  1.53
2000  97 13 58   -1.29  1.82
2000  97 13 59   -1.13  1.69
2000  97 14  0   -1.03  1.63
2000  97 14  1   -1.07  1.41
2000  97 14  2   -0.22  1.66
2000  97 14  3    0.46  1.48
2000  97 14  4   -0.13  1.48
2000  97 14  5   -0.41  1.51
2000  97 14  6    0.06  1.50
2000  97 14  7    0.55  1.53
2000  97 14  8   -0.01  1.30
2000  97 14  9    0.15 99.99
2000  97 14 10   -0.04  1.37
2000  97 14 11    0.13  1.39
2000  97 14 12    0.03  1.46
2000  97 14 13    0.82  1.45
2000  97 14 14    1.23  1.41
2000  97 14 15    1.18  1.33
2000  97 14 16    1.20  1.21
2000  97 14 17    1.59  1.23
2000  97 14 18    1.26  1.40
2000  97 14 19    1.35  1.40
2000  97 14 20    1.55  1.44
2000  97 14 21    1.03  1.41
2000  97 14 22    1.03  1.40
2000  97 14 23    1.99  1.68
2000  97 14 24    1.37  1.56
2000  97 14 25    2.81  1.60
2000  97 14 26    3.61  1.63
2000  97 14 27    4.03  1.79
2000  97 14 28    4.17  1.71
2000  97 14 29    4.59  1.61
2000  97 14 30    4.30  1.60
2000  97 14 31    4.28  1.58
2000  97 14 32    4.06  1.63
2000  97 14 33    4.10  1.65
2000  97 14 34    4.10  1.81
2000  97 14 35    4.30  1.82
2000  97 14 36    4.23  1.62
2000  97 14 37    4.23  1.71
2000  97 14 38    4.65  1.79
2000  97 14 39    4.21  1.67
2000  97 14 40    3.16  1.70
2000  97 14 41    3.68 99.99
2000  97 14 42    3.61  1.67
2000  97 14 43    3.89  2.25
2000  97 14 44    3.50  1.88
2000  97 14 45    3.37  1.87
2000  97 14 46    3.40  1.84
2000  97 14 47    3.71  1.79
2000  97 14 48    3.70  1.91
2000  97 14 49    3.64  1.96
2000  97 14 50    3.78  1.68
2000  97 14 51    4.08  1.68
2000  97 14 52    4.11  1.79
2000  97 14 53    4.39  1.72
2000  97 14 54    4.76  1.67
2000  97 14 55    4.14  1.63
2000  97 14 56    4.06  1.63
2000  97 14 57    4.07  1.89
2000  97 14 58    4.00  1.85
2000  97 14 59    3.99  1.81
2000  97 15  0    3.91  1.94
2000  97 15  1    4.10  2.09
2000  97 15  2    4.04  1.90
2000  97 15  3    3.93  1.90
2000  97 15  4    4.20  1.92
2000  97 15  5    4.54  1.99
2000  97 15  6    4.36  1.87
2000  97 15  7    4.17  1.65
2000  97 15  8    4.30 99.99
2000  97 15  9    4.29  2.18
2000  97 15 10    4.58  2.05
2000  97 15 11    4.48  1.99
2000  97 15 12    4.24  1.93
2000  97 15 13    4.74  1.99
2000  97 15 14    4.87  2.07
2000  97 15 15    5.36  2.00
2000  97 15 16    5.64  1.75
2000  97 15 17    6.75  1.63
2000  97 15 18    5.12  1.51
2000  97 15 19    2.72  1.44
2000  97 15 20    2.12  1.87
2000  97 15 21    1.95  2.11
2000  97 15 22    2.19  2.08
2000  97 15 23    3.18  1.84
2000  97 15 24    2.56  1.77
2000  97 15 25    2.51  1.68
2000  97 15 26    2.84  1.68
2000  97 15 27    2.80  1.68
2000  97 15 28    1.95  1.75
2000  97 15 29    1.58  1.80
2000  97 15 30 9999.99  1.95
2000  97 15 31 9999.99 99.99
2000  97 15 32    0.88 99.99
2000  97 15 33    0.95  1.73
2000  97 15 34   -0.02  1.74
2000  97 15 35    0.73  1.99
2000  97 15 36    0.71  2.11
2000  97 15 37    0.65  1.66
2000  97 15 38    2.36  1.76
2000  97 15 39    4.08  1.53
2000  97 15 40    4.10  1.21
2000  97 15 41    3.45  1.29
2000  97 15 42    3.71  1.65
2000  97 15 43    3.70  1.52
2000  97 15 44    3.69  1.37
2000  97 15 45    3.82  1.26
2000  97 15 46    3.57  1.40
2000  97 15 47    3.96  1.47
2000  97 15 48    2.08  1.38
2000  97 15 49    2.82  1.38
2000  97 15 50    2.36  1.29
2000  97 15 51    2.04  1.29
2000  97 15 52    0.93 99.99
2000  97 15 53    2.30  1.65
2000  97 15 54    2.23  1.53
2000  97 15 55    2.62  1.30
2000  97 15 56    2.94  1.38
2000  97 15 57    2.83  1.38
2000  97 15 58    2.66  1.28
2000  97 15 59    3.12  1.42
2000  97 16  0    2.80  1.54
2000  97 16  1    2.12  1.17
2000  97 16  2    2.05  1.17
2000  97 16  3    1.36  1.20
2000  97 16  4    1.01  1.09
2000  97 16  5   -1.22  1.36
2000  97 16  6   -0.42 99.99
2000  97 16  7   -0.55  1.07
2000  97 16  8    0.14  1.07
2000  97 16  9    1.39  1.67
2000  97 16 10    0.40  1.22
2000  97 16 11    0.41  1.02
2000  97 16 12    1.43  1.38
2000  97 16 13    0.24  1.38
2000  97 16 14    1.08  1.39
2000  97 16 15    0.75  1.27
2000  97 16 16   -0.02  1.27
2000  97 16 17    0.52  1.29
2000  97 16 18    1.33  1.34
2000  97 16 19   -0.59  1.11
2000  97 16 20    0.71  1.07
2000  97 16 21    1.26 99.99
2000  97 16 22    0.58  1.08
2000  97 16 23    0.01  1.38
2000  97 16 24   -0.25  1.54
2000  97 16 25   -0.65  1.47
2000  97 16 26   -1.30  1.15
2000  97 16 27   -0.43  1.25
2000  97 16 28   -0.17  1.36
2000  97 16 29   -0.49  1.37
2000  97 16 30   -0.17 99.99
2000  97 16 31   -0.44  1.18
2000  97 16 32   -1.19  1.18
2000  97 16 33   -1.18  1.30
2000  97 16 34   -0.42  1.81
2000  97 16 35   -1.42  1.69
2000  97 16 36   -1.87  1.34
2000  97 16 37   -0.71  1.12
2000  97 16 38   -1.08 99.99
2000  97 16 39   -0.20  1.98
2000  97 16 40   -1.03  2.13
2000  97 16 41   -1.67  2.40
2000  97 16 42   -1.56  2.69
2000  97 16 43   -1.66  2.75
2000  97 16 44   -0.89  2.76
2000  97 16 45   -0.48  2.42
2000  97 16 46   -1.66  3.30
2000  97 16 47   -5.54 14.33
2000  97 16 48   -2.98 12.38
2000  97 16 49   -3.18 10.60
2000  97 16 50   -5.33 10.07
2000  97 16 51   -3.57 11.95
2000  97 16 52   -5.74 13.60
2000  97 16 53   -4.21 12.27
2000  97 16 54   -2.71 12.17
2000  97 16 55   -3.94 11.37
2000  97 16 56   -3.35 10.98
2000  97 16 57   -5.22 10.18
2000  97 16 58    0.32  6.75
2000  97 16 59    2.45  4.27
2000  97 17  0    1.86  2.14
2000  97 17  1   -4.39  5.24
2000  97 17  2  -12.11  8.23
2000  97 17  3   -4.66  9.92
2000  97 17  4   -1.55 11.37
2000  97 17  5    2.58 10.80
2000  97 17  6   -1.34 11.15
2000  97 17  7    2.00  9.15
2000  97 17  8   -3.76  8.67
2000  97 17  9   -6.45  7.81
2000  97 17 10   -9.10  7.26
2000  97 17 11   -7.63  7.48
2000  97 17 12   -9.45  6.98
2000  97 17 13  -11.31  6.80
2000  97 17 14  -12.63  6.61
2000  97 17 15  -12.45  7.01
2000  97 17 16  -13.11  6.81
2000  97 17 17  -12.59  6.41
2000  97 17 18   -8.58  6.48
2000  97 17 19   -7.12  5.91
2000  97 17 20   -8.01  6.01
2000  97 17 21   -8.89  5.63
2000  97 17 22   -8.74  5.63
2000  97 17 23  -10.57  5.90
2000  97 17 24  -10.75  6.01
2000  97 17 25   -7.52  6.98
2000  97 17 26   -3.63  8.42
2000  97 17 27  -12.69 11.15
2000  97 17 28  -15.99 11.93
2000  97 17 29  -15.02 99.99
2000  97 17 30  -12.04 10.61
2000  97 17 31   -9.55 11.22
2000  97 17 32   -7.16  9.72
2000  97 17 33   -5.58  8.46
2000  97 17 34   -3.24  7.38
2000  97 17 35    0.25  6.87
2000  97 17 36    1.54  7.18
2000  97 17 37    1.77  8.00
2000  97 17 38    3.68  8.42
2000  97 17 39    4.34  9.50
2000  97 17 40    3.58  9.16
2000  97 17 41    2.85  9.11
2000  97 17 42    0.18  9.74
2000  97 17 43    3.16 10.50
2000  97 17 44    2.87  9.56
2000  97 17 45    1.51 10.22
2000  97 17 46   -5.14 13.84
2000  97 17 47   -9.21 12.51
2000  97 17 48  -20.56  9.55
2000  97 17 49  -24.06  8.16
2000  97 17 50  -24.66  8.24
2000  97 17 51  -24.80  8.63
2000  97 17 52  -23.71  6.53
2000  97 17 53  -22.46  6.98
2000  97 17 54  -22.16  7.40
2000  97 17 55  -22.49  7.66
2000  97 17 56  -22.28  7.89
2000  97 17 57  -24.43  8.82
2000  97 17 58  -24.09  8.41
2000  97 17 59  -23.84  7.79
2000  97 18  0  -25.10  8.55
2000  97 18  1  -25.37  9.42
2000  97 18  2  -24.74  9.56
2000  97 18  3  -24.37  9.18
2000  97 18  4  -24.30  9.14
2000  97 18  5  -23.74  8.47
2000  97 18  6  -22.52  8.27
2000  97 18  7  -20.54  8.74
2000  97 18  8  -20.58  8.68
2000  97 18  9  -21.73  8.01
2000  97 18 10  -22.01  8.35
2000  97 18 11  -22.23  8.24
2000  97 18 12  -20.48  8.32
2000  97 18 13  -20.91 10.52
2000  97 18 14  -22.07  7.28
2000  97 18 15  -23.70  7.74
2000  97 18 16  -23.93  8.66
2000  97 18 17  -23.94  8.79
2000  97 18 18  -24.42  8.74
2000  97 18 19  -23.85  9.22
2000  97 18 20  -22.37  9.30
2000  97 18 21  -22.50  9.29
2000  97 18 22  -22.51  8.78
2000  97 18 23  -22.97  8.46
2000  97 18 24  -23.20  8.89
2000  97 18 25  -22.89  9.53
2000  97 18 26  -22.94  9.49
2000  97 18 27  -22.98  9.34
2000  97 18 28  -23.06  9.08
2000  97 18 29  -22.90  8.65
2000  97 18 30  -23.91  8.87
2000  97 18 31  -23.62  9.17
2000  97 18 32  -23.31  8.28
2000  97 18 33  -22.29  8.28
2000  97 18 34  -21.44  8.44
2000  97 18 35  -21.64  8.88
2000  97 18 36  -21.50  9.21
2000  97 18 37  -21.86  8.71
2000  97 18 38  -22.41  9.58
2000  97 18 39  -23.10  8.33
2000  97 18 40  -23.46  8.15
2000  97 18 41  -23.26  7.89
2000  97 18 42  -23.08  7.96
2000  97 18 43  -23.02  7.17
2000  97 18 44  -23.17  7.07
2000  97 18 45  -23.11  7.34
2000  97 18 46  -21.46  8.15
2000  97 18 47  -20.97  8.10
2000  97 18 48  -19.97  7.12
2000  97 18 49  -20.03  6.85
2000  97 18 50  -19.00  6.49
2000  97 18 51  -19.42  7.37
2000  97 18 52  -18.47  7.33
2000  97 18 53  -18.40  8.12
2000  97 18 54  -18.19  8.48
2000  97 18 55  -18.33  8.44
2000  97 18 56  -18.36  8.58
2000  97 18 57  -18.54  8.68
2000  97 18 58  -17.61  8.34
2000  97 18 59  -17.86  7.28
2000  97 19  0  -18.14  7.45
2000  97 19  1  -18.10  7.63
2000  97 19  2  -17.01  9.11
2000  97 19  3  -17.36  9.01
2000  97 19  4  -18.79  7.46
2000  97 19  5  -18.48  7.64
2000  97 19  6  -17.65  7.59
2000  97 19  7  -18.43  7.50
2000  97 19  8  -18.19  8.60
2000  97 19  9  -19.34 99.99
2000  97 19 10  -19.49 10.26
2000  97 19 11  -16.65 10.21
2000  97 19 12  -17.92  9.81
2000  97 19 13  -20.30  8.89
2000  97 19 14  -19.48  7.26
2000  97 19 15  -20.34  8.43
2000  97 19 16  -20.38  8.40
2000  97 19 17  -20.82  8.06
2000  97 19 18  -21.11  8.10
2000  97 19 19  -21.75  7.64
2000  97 19 20  -21.84  7.18
2000  97 19 21  -21.05  6.80
2000  97 19 22  -21.18  6.62
2000  97 19 23  -19.70  7.16
2000  97 19 24  -19.11  8.44
2000  97 19 25  -22.19  7.64
2000  97 19 26  -20.08  7.23
2000  97 19 27  -21.15  8.98
2000  97 19 28  -21.11  9.01
2000  97 19 29  -21.20 10.21
2000  97 19 30  -21.22  8.70
2000  97 19 31  -21.35  8.46
2000  97 19 32  -20.54  6.99
2000  97 19 33  -20.43  8.17
2000  97 19 34  -19.71  8.57
2000  97 19 35  -18.81  9.20
2000  97 19 36  -19.25  8.79
2000  97 19 37  -19.23  9.43
2000  97 19 38  -18.79  8.61
2000  97 19 39  -17.76  9.40
2000  97 19 40  -16.90  9.18
2000  97 19 41  -16.55  9.14
2000  97 19 42  -16.87  9.23
2000  97 19 43  -16.91  9.25
2000  97 19 44  -16.47  9.74
2000  97 19 45  -17.10 10.22
2000  97 19 46  -16.18  9.95
2000  97 19 47  -17.29  9.73
2000  97 19 48  -16.38 10.11
2000  97 19 49  -14.94 10.54
2000  97 19 50  -15.57 11.06
2000  97 19 51  -14.98 10.84
2000  97 19 52  -11.86  9.98
2000  97 19 53  -12.50 11.11
2000  97 19 54  -13.28 10.44
2000  97 19 55  -13.04 10.20
2000  97 19 56  -12.45 10.64
2000  97 19 57  -12.56 10.80
2000  97 19 58  -12.28 10.37
2000  97 19 59  -11.76 10.36
2000  97 20  0  -10.81 10.94
2000  97 20  1   -7.18 10.73
2000  97 20  2  -12.54  9.50
2000  97 20  3  -19.91  9.80
2000  97 20  4  -22.84 11.11
2000  97 20  5  -21.90 11.04
2000  97 20  6  -22.06 10.72
2000  97 20  7  -20.31 10.02
2000  97 20  8  -19.98 11.03
2000  97 20  9  -19.27 11.72
2000  97 20 10  -13.56 12.30
2000  97 20 11  -12.78 11.04
2000  97 20 12  -13.15 10.75
2000  97 20 13  -15.71 10.49
2000  97 20 14  -16.14 10.17
2000  97 20 15  -16.49 10.17
2000  97 20 16  -17.41 10.44
2000  97 20 17  -18.64 10.64
2000  97 20 18  -18.46 11.01
2000  97 20 19  -18.18 10.51
2000  97 20 20  -17.68 10.30
2000  97 20 21  -17.67 10.45
2000  97 20 22  -17.30 10.22
2000  97 20 23  -17.61 10.46
2000  97 20 24  -18.22 10.48
2000  97 20 25  -18.89 11.07
2000  97 20 26  -18.99 11.92
2000  97 20 27  -19.60 12.46
2000  97 20 28  -18.49 10.95
2000  97 20 29  -17.90  9.88
2000  97 20 30  -17.99 10.45
2000  97 20 31  -18.27  9.98
2000  97 20 32  -17.37  9.51
2000  97 20 33  -15.84 10.91
2000  97 20 34  -17.07  9.69
2000  97 20 35  -18.52  9.66
2000  97 20 36  -20.66  9.76
2000  97 20 37  -22.05 10.15
2000  97 20 38  -23.11 11.08
2000  97 20 39  -23.75 11.63
2000  97 20 40  -23.89 10.71
2000  97 20 41  -24.81 11.06
2000  97 20 42  -25.18  9.25
2000  97 20 43  -24.24 11.45
2000  97 20 44  -18.73 10.82
2000  97 20 45  -17.48 11.08
2000  97 20 46  -16.21 11.20
2000  97 20 47  -17.56 10.78
2000  97 20 48  -22.78 10.64
2000  97 20 49  -23.86 11.43
2000  97 20 50  -24.48 11.44
2000  97 20 51  -24.13 13.35
2000  97 20 52  -23.78 12.68
2000  97 20 53  -22.58 12.66
2000  97 20 54  -22.23 11.57
2000  97 20 55  -23.19 11.55
2000  97 20 56  -23.22 11.96
2000  97 20 57  -23.24 11.55
2000  97 20 58  -23.35 11.02
2000  97 20 59  -23.25 10.73
2000  97 21  0  -23.04 10.45
2000  97 21  1  -23.52 11.08
2000  97 21  2  -23.48 10.50
2000  97 21  3  -23.33 11.26
2000  97 21  4  -23.30 10.82
2000  97 21  5  -23.80 10.69
2000  97 21  6  -23.62 10.96
2000  97 21  7  -22.26 11.48
2000  97 21  8  -22.05 11.61
2000  97 21  9  -22.27 11.01
2000  97 21 10  -22.56 10.72
2000  97 21 11  -22.86 10.52
2000  97 21 12  -22.88 10.61
2000  97 21 13  -22.31 11.26
2000  97 21 14  -22.62 11.40
2000  97 21 15  -23.15 11.00
2000  97 21 16  -23.14 11.48
2000  97 21 17  -22.97 11.02
2000  97 21 18  -22.45 11.78
2000  97 21 19  -22.67 11.54
2000  97 21 20  -23.41 10.96
2000  97 21 21  -23.16 10.96
2000  97 21 22  -23.14 11.20
2000  97 21 23  -23.45 10.68
2000  97 21 24  -23.43 10.27
2000  97 21 25  -23.20 10.07
2000  97 21 26  -23.41 10.07
2000  97 21 27  -23.37 10.59
2000  97 21 28  -23.27 10.71
2000  97 21 29  -23.42 10.52
2000  97 21 30  -23.32 10.64
2000  97 21 31  -23.10 10.79
2000  97 21 32  -23.57 10.78
2000  97 21 33  -22.99 10.85
2000  97 21 34  -23.29 10.77
2000  97 21 35  -23.26 10.67
2000  97 21 36  -23.30 10.84
2000  97 21 37  -23.55 10.74
2000  97 21 38  -24.17 10.50
2000  97 21 39  -24.49 11.01
2000  97 21 40  -24.27  9.98
2000  97 21 41  -23.87  8.97
2000  97 21 42  -21.68  9.48
2000  97 21 43  -22.47 12.15
2000  97 21 44  -22.99 12.72
2000  97 21 45  -19.44 11.05
2000  97 21 46  -18.72 11.41
2000  97 21 47  -19.37 11.10
2000  97 21 48  -17.88 10.48
2000  97 21 49  -12.57  9.25
2000  97 21 50  -15.57  9.60
2000  97 21 51  -16.08  9.74
2000  97 21 52  -20.18  9.44
2000  97 21 53  -21.78  8.67
2000  97 21 54  -22.09 99.99
2000  97 21 55  -22.16  6.55
2000  97 21 56  -21.56  6.53
2000  97 21 57  -21.28  6.93
2000  97 21 58  -20.62  7.07
2000  97 21 59  -18.73  7.10
2000  97 22  0  -19.16  7.17
2000  97 22  1  -18.73  7.11
2000  97 22  2  -18.79  7.07
2000  97 22  3  -20.47  7.69
2000  97 22  4  -20.24  7.49
2000  97 22  5  -19.51  7.84
2000  97 22  6  -19.01  8.03
2000  97 22  7  -18.70  7.63
2000  97 22  8  -18.08  7.98
2000  97 22  9  -18.83  7.96
2000  97 22 10  -19.43  7.81
2000  97 22 11  -19.01  7.70
2000  97 22 12  -19.39  7.55
2000  97 22 13  -16.35  7.49
2000  97 22 14  -15.85  7.59
2000  97 22 15  -16.89  7.77
2000  97 22 16  -17.20  6.51
2000  97 22 17  -16.96  6.76
2000  97 22 18  -17.92  7.30
2000  97 22 19  -15.82  8.29
2000  97 22 20  -17.43  8.22
2000  97 22 21  -18.07  8.22
2000  97 22 22  -17.42  8.13
2000  97 22 23  -18.98  8.30
2000  97 22 24  -13.45  9.10
2000  97 22 25  -10.27  8.40
2000  97 22 26   -0.15 10.31
2000  97 22 27   -5.79  9.89
2000  97 22 28   -6.38  9.51
2000  97 22 29  -11.94  9.25
2000  97 22 30  -15.28  7.67
2000  97 22 31  -13.51  7.74
2000  97 22 32  -13.55  7.41
2000  97 22 33   -8.94  8.35
2000  97 22 34   -7.17  8.92
2000  97 22 35   -8.17  8.39
2000  97 22 36   -6.31  7.21
2000  97 22 37   -4.83  8.56
2000  97 22 38    1.06  8.59
2000  97 22 39    2.41  9.27
2000  97 22 40    5.51  8.84
2000  97 22 41    5.17  8.61
2000  97 22 42    4.44  8.30
2000  97 22 43    3.39  9.09
2000  97 22 44    1.30 10.03
2000  97 22 45   -3.71  9.11
2000  97 22 46  -13.33  9.48
2000  97 22 47  -10.22  8.81
2000  97 22 48  -10.11  8.42
2000  97 22 49  -14.95 11.66
2000  97 22 50  -17.01 10.13
2000  97 22 51  -16.85 11.12
2000  97 22 52  -16.80 11.36
2000  97 22 53  -16.89 11.52
2000  97 22 54  -16.39 11.00
2000  97 22 55  -18.92  9.99
2000  97 22 56  -20.27 10.75
2000  97 22 57  -18.43 11.33
2000  97 22 58  -18.96 10.19
2000  97 22 59  -19.30 15.12
2000  97 23  0  -17.27 11.32
2000  97 23  1  -17.73 99.99
2000  97 23  2  -18.06 12.64
2000  97 23  3  -17.87 15.91
2000  97 23  4  -18.42 17.20
2000  97 23  5  -20.34 14.20
2000  97 23  6  -19.96 14.32
2000  97 23  7  -20.14 14.85
2000  97 23  8  -25.27 11.78
2000  97 23  9  -25.96  6.41
2000  97 23 10  -26.53  5.80
2000  97 23 11  -28.87  6.22
2000  97 23 12  -27.96  6.88
2000  97 23 13  -30.80  6.65
2000  97 23 14  -28.53 15.05
2000  97 23 15  -26.11 14.84
2000  97 23 16  -26.50  9.75
2000  97 23 17  -20.60 17.27
2000  97 23 18  -21.16 18.35
2000  97 23 19  -21.93 18.50
2000  97 23 20  -16.65 17.98
2000  97 23 21  -14.28 15.97
2000  97 23 22  -14.32 17.25
2000  97 23 23  -14.01 17.51
2000  97 23 24  -15.10 17.68
2000  97 23 25  -16.36 18.65
2000  97 23 26  -18.04 16.97
2000  97 23 27  -13.94 15.25
2000  97 23 28  -20.24 15.80
2000  97 23 29  -20.04 10.78
2000  97 23 30  -19.47 12.10
2000  97 23 31  -13.72 14.48
2000  97 23 32  -13.96 21.32
2000  97 23 33  -20.57 21.18
2000  97 23 34  -21.80 19.66
2000  97 23 35  -24.01 22.28
2000  97 23 36  -24.05 22.28
2000  97 23 37  -24.51 24.06
2000  97 23 38  -22.56 23.50
2000  97 23 39  -23.00 21.88
2000  97 23 40  -21.64 23.57
2000  97 23 41  -18.29 25.02
2000  97 23 42  -18.47 24.58
2000  97 23 43  -19.57 24.39
2000  97 23 44  -19.57 24.54
2000  97 23 45  -18.12 25.62
2000  97 23 46  -18.47 24.75
2000  97 23 47  -19.16 24.07
2000  97 23 48  -18.89 24.61
2000  97 23 49  -18.55 25.08
2000  97 23 50  -19.63 24.34
2000  97 23 51  -18.83 23.98
2000  97 23 52  -18.08 23.02
2000  97 23 53  -19.30 21.61
2000  97 23 54  -19.41 23.61
2000  97 23 55  -18.43 23.76
2000  97 23 56  -17.02 24.69
2000  97 23 57  -18.06 24.55
2000  97 23 58  -19.13 23.76
2000  97 23 59  -18.45 25.01
2000  98  0  0  -18.78 26.00
2000  98  0  1  -21.73 23.22
2000  98  0  2  -21.90 24.23
2000  98  0  3  -23.50 25.99
2000  98  0  4  -24.83 16.69
2000  98  0  5  -24.58 17.35
2000  98  0  6  -24.29 16.64
2000  98  0  7  -24.21 16.61
2000  98  0  8  -24.52 16.67
2000  98  0  9  -24.05 16.67
2000  98  0 10  -22.96 19.13
2000  98  0 11  -23.07 19.13
2000  98  0 12  -23.05 19.15
2000  98  0 13  -23.10 17.72
2000  98  0 14  -22.58 17.65
2000  98  0 15  -22.56 17.55
2000  98  0 16  -22.38 17.03
2000  98  0 17  -19.97 17.58
2000  98  0 18  -12.99 22.16
2000  98  0 19   -6.46 26.29
2000  98  0 20   -5.20 24.87
2000  98  0 21   -2.71 23.05
2000  98  0 22    5.02 24.48
2000  98  0 23   -9.08 22.32
2000  98  0 24   -3.57 20.69
2000  98  0 25    2.38 24.26
2000  98  0 26   -3.05 21.41
2000  98  0 27    3.43 20.22
2000  98  0 28    0.07 18.93
2000  98  0 29    0.16 18.09
2000  98  0 30    0.99 17.82
2000  98  0 31    0.32 17.69
2000  98  0 32    1.21 17.68
2000  98  0 33    2.35 17.59
2000  98  0 34    1.97 16.98
2000  98  0 35    2.77 16.72
2000  98  0 36    3.74 17.27
2000  98  0 37    3.42 17.45
2000  98  0 38    3.82 17.45
2000  98  0 39    3.79 99.99
2000  98  0 40    3.68 16.30
2000  98  0 41    3.00 16.01
2000  98  0 42   -0.30 16.14
2000  98  0 43    1.23 17.00
2000  98  0 44    4.43 15.25
2000  98  0 45    8.85 14.60
2000  98  0 46    9.39 19.24
2000  98  0 47    9.69 19.24
2000  98  0 48    3.61 18.07
2000  98  0 49    1.98 22.49
2000  98  0 50    3.45 22.50
2000  98  0 51    0.67 24.31
2000  98  0 52    4.20 21.00
2000  98  0 53    1.39 21.36
2000  98  0 54   -1.86 20.14
2000  98  0 55   -7.20 18.79
2000  98  0 56   -7.36 20.73
2000  98  0 57    2.17 19.40
2000  98  0 58   12.09 16.46
2000  98  0 59   14.18 16.36
2000  98  1  0   13.53 16.58
2000  98  1  1   14.26 17.25
2000  98  1  2   12.55 18.53
2000  98  1  3   11.38 20.24
2000  98  1  4   11.42 20.71
2000  98  1  5   10.34 20.20
2000  98  1  6    9.20 19.04
2000  98  1  7    8.54 20.30
2000  98  1  8    7.92 20.60
2000  98  1  9    8.85 19.67
2000  98  1 10    7.57 19.01
2000  98  1 11   10.59 99.99
2000  98  1 12   12.85 99.99
2000  98  1 13   12.29 19.81
2000  98  1 14   12.59 19.81
2000  98  1 15   11.21 17.60
2000  98  1 16   11.07 16.85
2000  98  1 17   12.81 17.59
2000  98  1 18   12.03 17.87
2000  98  1 19   10.42 16.47
2000  98  1 20   10.43 17.98
2000  98  1 21   12.43 16.55
2000  98  1 22    9.67 17.68
2000  98  1 23    9.96 17.46
2000  98  1 24   13.06 16.89
2000  98  1 25   14.37 18.01
2000  98  1 26   13.11 16.15
2000  98  1 27   11.13 17.37
2000  98  1 28    9.80 99.99
2000  98  1 29   15.11 13.87
2000  98  1 30   16.44 13.85
2000  98  1 31   15.83 13.76
2000  98  1 32   15.30 13.53
2000  98  1 33   14.95 14.74
2000  98  1 34   14.37 13.44
2000  98  1 35   14.95 12.64
2000  98  1 36   13.16 13.58
2000  98  1 37   13.70 14.65
2000  98  1 38   14.65 15.34
2000  98  1 39   15.44 15.31
2000  98  1 40   15.94 12.90
2000  98  1 41   15.81 12.69
2000  98  1 42   15.95 12.65
2000  98  1 43   16.32 12.68
2000  98  1 44   17.09 13.25
2000  98  1 45   16.27 13.34
2000  98  1 46   16.03 13.00
2000  98  1 47   16.31 13.00
2000  98  1 48   16.59 12.47
2000  98  1 49   17.43 12.47
2000  98  1 50   16.91 12.71
2000  98  1 51   16.35 13.27
2000  98  1 52   16.27 13.92
2000  98  1 53   15.64 12.87
2000  98  1 54   15.00 12.79
2000  98  1 55   13.61 12.64
2000  98  1 56   11.63 12.65
2000  98  1 57   12.41 14.28
2000  98  1 58   13.11 14.04
2000  98  1 59   12.43 14.74
2000  98  2  0   12.88 15.25
2000  98  2  1   12.99 15.17
2000  98  2  2   12.30 17.24
2000  98  2  3   11.43 17.24
2000  98  2  4   15.17 13.19
2000  98  2  5   15.38 13.20
2000  98  2  6   15.56 13.22
2000  98  2  7   16.67 12.94
2000  98  2  8   16.13 12.85
2000  98  2  9   14.46 13.06
2000  98  2 10   16.72 12.53
2000  98  2 11   15.68 12.49
2000  98  2 12   13.54 13.82
2000  98  2 13   16.44 14.14
2000  98  2 14   16.56 14.36
2000  98  2 15   16.51 14.34
2000  98  2 16   17.08 13.84
2000  98  2 17   17.02 13.11
2000  98  2 18   16.23 14.43
2000  98  2 19   16.39 15.30
2000  98  2 20   16.20 16.01
2000  98  2 21   16.34 16.54
2000  98  2 22   16.36 16.54
2000  98  2 23   15.91 99.99
2000  98  2 24   15.36 15.34
2000  98  2 25   15.63 15.24
2000  98  2 26   15.32 15.24
2000  98  2 27   14.31 14.29
2000  98  2 28   17.97 14.61
2000  98  2 29   15.48 14.86
2000  98  2 30   15.78 14.52
2000  98  2 31   14.91 13.24
2000  98  2 32   11.75 14.82
2000  98  2 33   11.78 15.29
2000  98  2 34    9.57 14.97
2000  98  2 35   11.80 15.54
2000  98  2 36    9.89 16.59
2000  98  2 37   10.57 17.13
2000  98  2 38   10.53 17.20
2000  98  2 39   10.91 20.26
2000  98  2 40   11.79 19.78
2000  98  2 41   11.24 22.08
2000  98  2 42   11.39 21.92
2000  98  2 43   11.35 22.25
2000  98  2 44   11.05 24.52
2000  98  2 45   11.78 23.54
2000  98  2 46   12.24 24.04
2000  98  2 47   11.91 24.13
2000  98  2 48   11.76 23.59
2000  98  2 49   11.45 22.62
2000  98  2 50   10.36 22.02
2000  98  2 51    9.75 22.11
2000  98  2 52   10.67 22.34
2000  98  2 53   10.44 22.11
2000  98  2 54   10.40 22.25
2000  98  2 55   10.27 21.73
2000  98  2 56    9.57 24.04
2000  98  2 57    8.80 22.41
2000  98  2 58    8.09 22.41
2000  98  2 59    7.74 20.81
2000  98  3  0    7.68 21.09
2000  98  3  1    8.04 21.24
2000  98  3  2    8.03 20.89
2000  98  3  3    7.03 21.30
2000  98  3  4    8.98 21.66
2000  98  3  5    8.88 21.66
2000  98  3  6    9.79 21.71
2000  98  3  7   10.06 21.68
2000  98  3  8   10.42 19.99
2000  98  3  9   10.40 19.20
2000  98  3 10   10.31 19.50
2000  98  3 11   10.19 18.97
2000  98  3 12    9.47 17.41
2000  98  3 13   10.15 20.31
2000  98  3 14   10.09 20.34
2000  98  3 15    9.39 20.66
2000  98  3 16    9.61 19.98
2000  98  3 17   10.16 19.81
2000  98  3 18   10.55 21.17
2000  98  3 19   10.11 21.13
2000  98  3 20   10.09 21.46
2000  98  3 21   11.78 21.48
2000  98  3 22   12.10 19.78
2000  98  3 23   12.49 20.16
2000  98  3 24   10.11 24.38
2000  98  3 25    6.52 20.92
2000  98  3 26    8.22 20.55
2000  98  3 27    6.18 24.63
2000  98  3 28    3.92 21.97
2000  98  3 29    1.45 21.91
2000  98  3 30    3.03 19.12
2000  98  3 31    3.08 20.16
2000  98  3 32    6.08 21.11
2000  98  3 33    8.73 21.35
2000  98  3 34    8.06 21.10
2000  98  3 35    9.16 20.66
2000  98  3 36    7.10 20.69
2000  98  3 37    7.17 20.99
2000  98  3 38    4.31 19.55
2000  98  3 39    5.69 19.05
2000  98  3 40    5.70 17.08
2000  98  3 41    4.99 16.98
2000  98  3 42    4.94 15.02
2000  98  3 43    4.52 15.09
2000  98  3 44    4.31 16.51
2000  98  3 45    3.01 17.59
2000  98  3 46    9.40 19.13
2000  98  3 47    9.52 19.07
2000  98  3 48    3.90 18.18
2000  98  3 49    2.88 17.49
2000  98  3 50   -1.08 18.74
2000  98  3 51    4.67 17.00
2000  98  3 52   10.57 16.81
2000  98  3 53   11.12 18.10
2000  98  3 54   12.14 17.64
2000  98  3 55   13.03 15.69
2000  98  3 56   14.13 14.02
2000  98  3 57   14.22 13.81
2000  98  3 58   13.71 13.67
2000  98  3 59   15.37 13.36
2000  98  4  0   17.16 12.86
2000  98  4  1   17.28 99.99
2000  98  4  2   17.61 11.31
2000  98  4  3   18.47 10.15
2000  98  4  4   18.43 10.63
2000  98  4  5   18.82 10.71
2000  98  4  6   19.10 10.59
2000  98  4  7   18.40 10.94
2000  98  4  8   19.70 11.88
2000  98  4  9   20.15 10.26
2000  98  4 10   19.90  9.92
2000  98  4 11   19.92  9.84
2000  98  4 12   20.14  9.66
2000  98  4 13   19.14  9.59
2000  98  4 14   18.69 10.82
2000  98  4 15   17.82 11.26
2000  98  4 16   16.31 11.72
2000  98  4 17   11.50 12.09
2000  98  4 18   14.48 12.98
2000  98  4 19   14.63 13.85
2000  98  4 20   15.12 13.71
2000  98  4 21   14.90 12.80
2000  98  4 22   17.29 11.92
2000  98  4 23   19.46  9.96
2000  98  4 24   19.54 10.59
2000  98  4 25   19.81  9.69
2000  98  4 26   20.00 10.20
2000  98  4 27   20.23  9.85
2000  98  4 28   20.97  7.97
2000  98  4 29   21.18  6.49
2000  98  4 30   20.95  7.34
2000  98  4 31   20.70  7.80
2000  98  4 32   19.60  9.57
2000  98  4 33   17.77  9.92
2000  98  4 34   17.95 11.02
2000  98  4 35   18.03 11.08
2000  98  4 36   17.65 11.53
2000  98  4 37   18.44 11.37
2000  98  4 38   18.94  9.63
2000  98  4 39   18.72 10.80
2000  98  4 40   18.48 12.24
2000  98  4 41   16.73 11.96
2000  98  4 42   16.43 13.31
2000  98  4 43   15.33 15.22
2000  98  4 44   15.02 15.95
2000  98  4 45   12.58 15.41
2000  98  4 46   10.32 17.38
2000  98  4 47    9.71 15.44
2000  98  4 48   10.82 15.44
2000  98  4 49   10.33 16.04
2000  98  4 50    9.31 16.57
2000  98  4 51   11.69 15.88
2000  98  4 52   11.07 17.33
2000  98  4 53    9.77 16.78
2000  98  4 54    9.18 16.31
2000  98  4 55    7.47 15.26
2000  98  4 56    2.84 12.57
2000  98  4 57    2.05 15.68
2000  98  4 58    4.91 15.85
2000  98  4 59    3.44 14.43
2000  98  5  0    0.99 12.93
2000  98  5  1    2.10 12.68
2000  98  5  2    3.30 12.99
2000  98  5  3    5.38 14.05
2000  98  5  4    6.84 14.62
2000  98  5  5    7.22 14.83
2000  98  5  6    5.91 13.96
2000  98  5  7    3.52 12.88
2000  98  5  8    4.27 12.89
2000  98  5  9   10.41 11.59
2000  98  5 10   10.08 10.88
2000  98  5 11   11.27 11.04
2000  98  5 12   11.26 10.47
2000  98  5 13   11.45 10.22
2000  98  5 14    7.99 11.01
2000  98  5 15    7.25 11.13
2000  98  5 16    3.42 10.34
2000  98  5 17   -0.06  9.69
2000  98  5 18   -1.74 12.33
2000  98  5 19   -2.11  9.56
2000  98  5 20   -2.07  9.46
2000  98  5 21   -2.82  8.94
2000  98  5 22   -4.50  9.62
2000  98  5 23   -4.22 10.97
2000  98  5 24   -6.37 11.16
2000  98  5 25   -7.94 10.03
2000  98  5 26   -7.14 10.11
2000  98  5 27   -6.68 11.38
2000  98  5 28   -5.18 10.68
2000  98  5 29   -6.47 99.99
2000  98  5 30   -6.26  9.33
2000  98  5 31   -4.48  8.66
2000  98  5 32   -2.88  7.11
2000  98  5 33   -2.99  7.55
2000  98  5 34   -0.72  7.76
2000  98  5 35   -0.12  7.40
2000  98  5 36    0.25  6.97
2000  98  5 37   -0.90  6.89
2000  98  5 38    0.16  6.98
2000  98  5 39   -0.38  7.86
2000  98  5 40   -0.72  8.11
2000  98  5 41   -0.88  7.38
2000  98  5 42   -0.22  7.34
2000  98  5 43    0.12  7.20
2000  98  5 44    2.03  7.20
2000  98  5 45    2.53  7.20
2000  98  5 46    3.57  7.22
2000  98  5 47    4.30  7.31
2000  98  5 48    4.68  6.97
2000  98  5 49    4.72  7.06
2000  98  5 50    4.90  7.24
2000  98  5 51    4.76  7.31
2000  98  5 52    5.32  7.57
2000  98  5 53    4.27  7.65
2000  98  5 54    0.69  6.39
2000  98  5 55  -10.41  5.92
2000  98  5 56   -4.93  7.69
2000  98  5 57   -6.09  7.91
2000  98  5 58   -6.72  8.65
2000  98  5 59   -5.81  9.44
2000  98  6  0   -7.23  8.87
2000  98  6  1   -8.68 10.72
2000  98  6  2   -4.11 10.06
2000  98  6  3   -0.86  8.87
2000  98  6  4   -1.33  8.66
2000  98  6  5    1.18  7.73
2000  98  6  6    4.84  8.18
2000  98  6  7    8.28  8.04
2000  98  6  8    5.76  8.24
2000  98  6  9   12.59  7.67
2000  98  6 10   18.03  8.87
2000  98  6 11   18.16  8.31
2000  98  6 12   16.37  8.11
2000  98  6 13   15.44  6.91
2000  98  6 14   15.34  6.24
2000  98  6 15   16.55  6.35
2000  98  6 16   16.14  6.88
2000  98  6 17   16.44  7.37
2000  98  6 18   13.91  7.85
2000  98  6 19   11.87  7.08
2000  98  6 20    9.15  7.56
2000  98  6 21    8.37  9.01
2000  98  6 22    6.92  8.33
2000  98  6 23    6.32  8.15
2000  98  6 24    7.41  8.14
2000  98  6 25    6.85  6.88
2000  98  6 26    6.86  6.74
2000  98  6 27    5.45  7.05
2000  98  6 28    2.85  7.37
2000  98  6 29    3.44  7.68
2000  98  6 30    3.68  8.05
2000  98  6 31    6.07  7.23
2000  98  6 32    6.51  8.46
2000  98  6 33    2.20  9.72
2000  98  6 34    1.82  9.57
2000  98  6 35   -0.69 10.55
2000  98  6 36   -4.01 11.34
2000  98  6 37  -12.66  6.83
2000  98  6 38  -14.50  7.57
2000  98  6 39  -15.44  7.38
2000  98  6 40   -9.54  9.07
2000  98  6 41   -7.85  7.52
2000  98  6 42   -9.68  6.49
2000  98  6 43   -8.23  9.00
2000  98  6 44   -6.16  9.00
2000  98  6 45   -5.80  7.74
2000  98  6 46   -4.99 99.99
2000  98  6 47   -4.02  7.73
2000  98  6 48   -1.38  7.98
2000  98  6 49   -1.70  8.74
2000  98  6 50   -0.78  6.96
2000  98  6 51   13.40  4.86
2000  98  6 52   16.16  4.05
2000  98  6 53   16.62  4.24
2000  98  6 54   16.69  4.09
2000  98  6 55   16.06  4.58
2000  98  6 56   16.87  4.71
2000  98  6 57   16.83  5.21
2000  98  6 58   17.68  6.04
2000  98  6 59   17.35  5.72
2000  98  7  0   17.54  5.79
2000  98  7  1   18.22  5.79
2000  98  7  2   18.24  5.47
2000  98  7  3   17.81  5.77
2000  98  7  4   18.37  5.71
2000  98  7  5   19.07  4.86
2000  98  7  6   19.34  5.03
2000  98  7  7   19.08  4.59
2000  98  7  8   18.26  4.80
2000  98  7  9   18.72  4.56
2000  98  7 10   18.79  4.85
2000  98  7 11   18.90  4.75
2000  98  7 12   19.17  4.72
2000  98  7 13   19.14  4.54
2000  98  7 14   19.26  4.60
2000  98  7 15   18.65  4.98
2000  98  7 16   18.63  4.48
2000  98  7 17   18.85  3.89
2000  98  7 18   19.40  3.26
2000  98  7 19   19.37  2.92
2000  98  7 20   19.47 99.99
2000  98  7 21   19.45  3.03
2000  98  7 22   19.42  3.11
2000  98  7 23   19.45  3.35
2000  98  7 24   19.45  3.00
2000  98  7 25   19.50  2.97
2000  98  7 26   19.50  2.98
2000  98  7 27   19.55  3.09
2000  98  7 28   19.69  3.32
2000  98  7 29   19.53  3.19
2000  98  7 30   19.71  3.17
2000  98  7 31   19.67  3.50
2000  98  7 32   19.42  4.11
2000  98  7 33   19.43  4.12
2000  98  7 34   17.85  4.32
2000  98  7 35   16.67  3.81
2000  98  7 36   16.82  3.84
2000  98  7 37   18.19  3.98
2000  98  7 38   15.78  5.34
2000  98  7 39   14.66 10.15
2000  98  7 40   14.21 11.64
2000  98  7 41   14.56 99.99
2000  98  7 42   15.48  9.52
2000  98  7 43   14.91  9.52
2000  98  7 44   13.72 99.99
2000  98  7 45   14.25  8.73
2000  98  7 46   12.57  8.73
2000  98  7 47   13.19 99.99
2000  98  7 48   13.15 10.12
2000  98  7 49    7.89 10.66
2000  98  7 50   -0.57 11.98
2000  98  7 51    2.60 15.06
2000  98  7 52    2.96 15.86
2000  98  7 53    2.10 16.02
2000  98  7 54   -1.10 14.52
2000  98  7 55   -1.81 14.70
2000  98  7 56   -0.59 15.74
2000  98  7 57    0.72 15.74
2000  98  7 58    0.88 15.18
2000  98  7 59    2.23 15.01
2000  98  8  0    2.53 12.81
2000  98  8  1    2.82 14.62
2000  98  8  2    4.84 14.16
2000  98  8  3    4.74 11.10
2000  98  8  4    4.28 12.52
2000  98  8  5    4.43 10.75
2000  98  8  6    5.15 12.74
2000  98  8  7    4.66 13.25
2000  98  8  8    4.70 12.24
2000  98  8  9    4.75 10.10
2000  98  8 10    3.79 11.34
2000  98  8 11    3.23 11.32
2000  98  8 12    1.98 11.28
2000  98  8 13    1.33 10.44
2000  98  8 14    1.64  9.48
2000  98  8 15    1.60  8.83
2000  98  8 16    1.09 99.99
2000  98  8 17    0.85  9.71
2000  98  8 18    0.96  9.71
2000  98  8 19    1.31  9.51
2000  98  8 20    1.71  9.51
2000  98  8 21    2.36  9.51
2000  98  8 22    2.85  9.88
2000  98  8 23    2.87  9.88
2000  98  8 24    3.26  9.91
2000  98  8 25    3.67  9.91
2000  98  8 26    3.56 11.03
2000  98  8 27    3.69 11.03
2000  98  8 28    3.85  9.84
2000  98  8 29    4.02  9.84
2000  98  8 30    3.21 99.99
2000  98  8 31    3.51 11.30
2000  98  8 32    3.98  9.57
2000  98  8 33    4.66  9.21
2000  98  8 34    5.20 99.99
2000  98  8 35    5.49 99.99
2000  98  8 36    5.79 99.99
2000  98  8 37    5.75  9.98
2000  98  8 38    6.26  9.98
2000  98  8 39    6.78  9.19
2000  98  8 40    5.80  9.18
2000  98  8 41    6.25 99.99
2000  98  8 42    5.85 10.13
2000  98  8 43    5.35 10.13
2000  98  8 44    4.88  8.70
2000  98  8 45    9.12  7.16
2000  98  8 46    8.35  7.55
2000  98  8 47    8.13  8.08
2000  98  8 48    6.62  7.41
2000  98  8 49 9999.99  8.20
2000  98  8 50 9999.99 99.99
2000  98  8 51   10.60  5.97
2000  98  8 52   10.47  5.91
2000  98  8 53   10.77  5.46
2000  98  8 54   11.28  5.61
2000  98  8 55   10.77  5.45
2000  98  8 56   10.47  5.93
2000  98  8 57   10.79  4.67
2000  98  8 58   10.40  4.64
2000  98  8 59    9.75  4.59
2000  98  9  0   10.20 99.99
2000  98  9  1    9.60  4.86
2000  98  9  2   10.27  3.27
2000  98  9  3   10.30  2.70
2000  98  9  4    9.87  3.73
2000  98  9  5    8.98  3.54
2000  98  9  6    7.05  2.28
2000  98  9  7    6.14  1.22
2000  98  9  8    7.26  1.59
2000  98  9  9    5.38  2.88
2000  98  9 10    6.29  3.12
2000  98  9 11    4.76  1.42
2000  98  9 12    4.22  3.07
2000  98  9 13    4.58  2.80
2000  98  9 14    4.23  2.19
2000  98  9 15    4.26 99.99
2000  98  9 16    4.63  1.22
2000  98  9 17    4.81  1.08
2000  98  9 18    4.85  1.13
2000  98  9 19    4.84  1.38
2000  98  9 20    4.74  1.38
2000  98  9 21    4.94  1.38
2000  98  9 22    4.67  1.41
2000  98  9 23    4.78  1.41
2000  98  9 24    4.73  1.46
2000  98  9 25    4.95  1.46
2000  98  9 26    4.92  1.46
2000  98  9 27    4.68  1.42
2000  98  9 28    4.23  1.53
2000  98  9 29    4.43  1.46
2000  98  9 30    4.48  1.05
2000  98  9 31    4.29  0.98
2000  98  9 32    4.19  1.48
2000  98  9 33    4.33  1.20
2000  98  9 34    4.42  1.26
2000  98  9 35    4.74  1.25
2000  98  9 36    4.60  1.40
2000  98  9 37    4.57  1.17
2000  98  9 38    4.59  1.27
2000  98  9 39    4.89  0.82
2000  98  9 40    4.90  1.06
2000  98  9 41    4.86  0.92
2000  98  9 42    4.91  1.07
2000  98  9 43    4.88  0.84
2000  98  9 44    4.88  0.89
2000  98  9 45    4.91  0.92
2000  98  9 46    4.98  1.06
2000  98  9 47    4.93  0.90
2000  98  9 48    4.82  1.26
2000  98  9 49    4.71  1.19
2000  98  9 50    4.82  1.57
2000  98  9 51    4.89  1.42
2000  98  9 52    4.93  1.08
2000  98  9 53    4.86  1.32
2000  98  9 54    4.74  1.16
2000  98  9 55    4.71  1.18
2000  98  9 56    4.60  1.11
2000  98  9 57    4.66  1.18
2000  98  9 58    4.61  1.13
2000  98  9 59    4.56  1.23
2000  98 10  0    4.95  1.06
2000  98 10  1    4.94  1.11
2000  98 10  2    4.76  1.56
2000  98 10  3    4.83  1.57
2000  98 10  4    4.85  1.39
2000  98 10  5    4.89  1.66
2000  98 10  6    4.94  1.48
2000  98 10  7    4.98  1.37
2000  98 10  8    4.97  1.51
2000  98 10  9    4.96  1.40
2000  98 10 10    4.99  1.18
2000  98 10 11    4.97  1.31
2000  98 10 12    4.97  1.26
2000  98 10 13    4.96  1.36
2000  98 10 14    5.02  1.17
2000  98 10 15    5.09  0.95
2000  98 10 16    5.09  0.94
2000  98 10 17    5.11  1.05
2000  98 10 18    5.16  1.30
2000  98 10 19    5.17  1.40
2000  98 10 20    5.21  1.49
2000  98 10 21    5.25  1.61
2000  98 10 22    5.29  1.50
2000  98 10 23    5.28  1.09
2000  98 10 24    5.16  1.10
2000  98 10 25    5.09  1.03
2000  98 10 26    5.11  1.14
2000  98 10 27    5.10  1.39
2000  98 10 28    5.06  1.33
2000  98 10 29    5.09  1.48
2000  98 10 30    5.02  1.56
2000  98 10 31    4.90  1.57
2000  98 10 32    5.01  1.18
2000  98 10 33    4.98  1.27
2000  98 10 34    4.91  1.10
2000  98 10 35    4.82  1.04
2000  98 10 36    4.79  0.97
2000  98 10 37    4.92  1.07
2000  98 10 38    4.97  1.34
2000  98 10 39    4.98  0.87
2000  98 10 40    4.73  1.15
2000  98 10 41    4.73  1.14
2000  98 10 42    4.78  1.06
2000  98 10 43    4.81  1.01
2000  98 10 44    4.72  0.99
2000  98 10 45    4.67  1.33
2000  98 10 46    4.81  0.93
2000  98 10 47    4.83  1.08
2000  98 10 48    4.91  1.23
2000  98 10 49    4.90  1.32
2000  98 10 50    4.81  1.38
2000  98 10 51    4.82  1.13
2000  98 10 52    4.94  0.94
2000  98 10 53    4.93  1.00
2000  98 10 54    4.92  1.09
2000  98 10 55    4.93  0.97
2000  98 10 56    5.04  0.89
2000  98 10 57    5.03  1.00
2000  98 10 58    4.99  1.02
2000  98 10 59    4.97  1.01
2000  98 11  0    4.94  1.10
2000  98 11  1    5.04  1.40
2000  98 11  2    5.02  1.02
2000  98 11  3    5.04  0.95
2000  98 11  4    5.04  1.04
2000  98 11  5    5.00  1.04
2000  98 11  6    4.97  1.52
2000  98 11  7    4.97  1.25
2000  98 11  8    4.89  1.05
2000  98 11  9    4.87  1.17
2000  98 11 10    4.77  0.96
2000  98 11 11    4.84  1.13
2000  98 11 12    4.70  1.37
2000  98 11 13    4.45  1.37
2000  98 11 14    4.72  1.12
2000  98 11 15    4.71  1.01
2000  98 11 16    4.69  1.11
2000  98 11 17    4.72  1.33
2000  98 11 18    4.76  1.75
2000  98 11 19    4.75  1.17
2000  98 11 20    4.74  1.06
2000  98 11 21    4.69  1.05
2000  98 11 22    4.59  1.64
2000  98 11 23    4.63  1.79
2000  98 11 24    4.79  1.73
2000  98 11 25    4.90  1.68
2000  98 11 26    4.82  1.59
2000  98 11 27    4.74  1.76
2000  98 11 28    4.77  1.66
2000  98 11 29    4.74  1.55
2000  98 11 30    4.60  1.58
2000  98 11 31    4.59  1.49
2000  98 11 32    4.46  1.65
2000  98 11 33    4.45  1.38
2000  98 11 34    4.59  1.00
2000  98 11 35    4.42  1.11
2000  98 11 36    4.29  1.24
2000  98 11 37    5.11  1.23
2000  98 11 38    5.14  1.04
2000  98 11 39    5.05 99.99
2000  98 11 40    5.15  1.76
2000  98 11 41    5.20  1.16
2000  98 11 42    5.24  1.55
2000  98 11 43    5.23  1.09
2000  98 11 44    5.23  0.96
2000  98 11 45    5.26  1.04
2000  98 11 46    5.29  1.04
2000  98 11 47    5.29  0.94
2000  98 11 48    5.30  1.50
2000  98 11 49    5.26  1.43
2000  98 11 50    5.21  1.34
2000  98 11 51    5.17  1.16
2000  98 11 52    5.18  1.56
2000  98 11 53    5.23  0.98
2000  98 11 54    5.22  1.49
2000  98 11 55    5.17  1.57
2000  98 11 56    5.23  1.18
2000  98 11 57    5.26  1.13
2000  98 11 58    5.18  1.10
2000  98 11 59    5.18  1.00
2000  98 12  0    5.18  1.10
2000  98 12  1    5.19  1.10
2000  98 12  2    5.21  0.88
2000  98 12  3    5.22  1.21
2000  98 12  4    5.22  1.21
2000  98 12  5    5.21  1.49
2000  98 12  6    5.20  1.36
2000  98 12  7    5.19  1.26
2000  98 12  8    5.18  1.45
2000  98 12  9    5.17  1.29
2000  98 12 10    5.19  1.19
2000  98 12 11    5.20  1.27
2000  98 12 12    5.08  1.07
2000  98 12 13    5.02  1.05
2000  98 12 14    5.03  1.18
2000  98 12 15    4.99  0.99
2000  98 12 16    5.11  0.99
2000  98 12 17    5.17  1.31
2000  98 12 18    5.19  1.22
2000  98 12 19    5.20  1.19
2000  98 12 20    5.12  1.43
2000  98 12 21    5.17  1.30
2000  98 12 22    5.19  1.06
2000  98 12 23    5.20  1.14
2000  98 12 24    5.21  0.88
2000  98 12 25    5.21  1.01
2000  98 12 26    5.12  1.22
2000  98 12 27    5.06  1.20
2000  98 12 28    5.07  1.47
2000  98 12 29    5.06  1.36
2000  98 12 30    5.08  1.25
2000  98 12 31    5.07  1.25
2000  98 12 32    5.10  1.32
2000  98 12 33    5.14  1.13
2000  98 12 34    5.14  1.17
2000  98 12 35    5.15  1.26
2000  98 12 36    5.15  1.42
2000  98 12 37    5.15  1.57
2000  98 12 38    5.16  1.42
2000  98 12 39    5.14  1.62
2000  98 12 40    5.14  1.89
2000  98 12 41    5.12  1.70
2000  98 12 42    5.10  1.72
2000  98 12 43    5.08  1.67
2000  98 12 44    5.08  1.98
2000  98 12 45    5.06  1.60
2000  98 12 46    5.04  1.93
2000  98 12 47    5.04  1.33
2000  98 12 48    5.04  1.33
2000  98 12 49    5.03  1.72
2000  98 12 50    5.01  1.72
2000  98 12 51    5.04  1.66
2000  98 12 52    5.03  1.57
2000  98 12 53    5.06  1.70
2000  98 12 54    5.01  1.76
2000  98 12 55    5.00  1.68
2000  98 12 56    5.00  1.25
2000  98 12 57    5.00  1.50
2000  98 12 58    4.96  1.53
2000  98 12 59    4.96  1.35
2000  98 13  0    4.98  1.59
2000  98 13  1    4.95  1.38
2000  98 13  2    4.94  1.29
2000  98 13  3    4.96  1.86
2000  98 13  4    4.95  1.54
2000  98 13  5    4.95  1.20
2000  98 13  6    4.96  1.37
2000  98 13  7    4.92  1.09
2000  98 13  8    4.91  1.09
2000  98 13  9    4.92  1.40
2000  98 13 10    4.90  1.40
2000  98 13 11    4.90  1.61
2000  98 13 12    4.91  1.61
2000  98 13 13    4.92  1.73
2000  98 13 14    4.91  1.73
2000  98 13 15    4.93 99.99
2000  98 13 16    4.97  1.70
2000  98 13 17    4.96  1.54
2000  98 13 18    4.95  1.49
2000  98 13 19    4.97  1.65
2000  98 13 20    4.95  1.66
2000  98 13 21    4.91  1.39
2000  98 13 22    5.00  1.24
2000  98 13 23    5.01  1.23
2000  98 13 24    4.97  1.14
2000  98 13 25    5.02  1.30
2000  98 13 26    5.04  1.13
2000  98 13 27    5.07  1.30
2000  98 13 28    4.85  1.15
2000  98 13 29    4.76  1.63
2000  98 13 30    4.74  1.83
2000  98 13 31    5.03  1.50
2000  98 13 32    4.89  1.27
2000  98 13 33    4.81  1.32
2000  98 13 34    4.79  1.32
2000  98 13 35    4.85  1.58
2000  98 13 36    4.90  1.53
2000  98 13 37    4.63  1.20
2000  98 13 38    2.51  1.86
2000  98 13 39    1.45  2.44
2000  98 13 40    1.28  2.43
2000  98 13 41    0.86  2.10
2000  98 13 42   -0.09  2.03
2000  98 13 43   -0.30  2.07
2000  98 13 44   -0.10  2.08
2000  98 13 45   -0.17  1.99
2000  98 13 46    0.86  1.82
2000  98 13 47    1.74  2.00
2000  98 13 48    1.96  2.04
2000  98 13 49    1.78  2.06
2000  98 13 50    1.81  2.10
2000  98 13 51    1.66 99.99
2000  98 13 52    1.61  1.98
2000  98 13 53    1.59  2.06
2000  98 13 54    1.40  2.12
2000  98 13 55    1.40  1.98
2000  98 13 56    1.23  1.93
2000  98 13 57    1.08  2.20
2000  98 13 58    1.10  1.98
2000  98 13 59    1.10  2.08
2000  98 14  0    0.99  2.08
2000  98 14  1    0.90  1.96
2000  98 14  2    0.88  1.86
2000  98 14  3    0.92  2.29
2000  98 14  4    0.91  1.96
2000  98 14  5    1.30  2.28
2000  98 14  6    1.31  2.40
2000  98 14  7    1.68  2.44
2000  98 14  8    1.01  2.50
2000  98 14  9    0.83  2.32
2000  98 14 10    0.48  2.75
2000  98 14 11    0.89  2.46
2000  98 14 12    0.80  2.56
2000  98 14 13    0.72  2.60
2000  98 14 14    0.75  2.53
2000  98 14 15    0.88  2.59
2000  98 14 16    0.72  2.62
2000  98 14 17    0.75  2.57
2000  98 14 18    0.95  2.63
2000  98 14 19    0.99  2.74
2000  98 14 20    1.00  2.38
2000  98 14 21    0.80  2.85
2000  98 14 22    0.65  2.68
2000  98 14 23    0.65  2.72
2000  98 14 24    0.70  2.92
2000  98 14 25    0.77 99.99
2000  98 14 26    0.87  3.43
2000  98 14 27    0.79  3.19
2000  98 14 28    0.43  3.52
2000  98 14 29    0.40  3.73
2000  98 14 30    0.46  3.38
2000  98 14 31    0.33  3.29
2000  98 14 32    0.29  3.28
2000  98 14 33    0.34  3.57
2000  98 14 34    0.28  3.31
2000  98 14 35    0.26  3.30
2000  98 14 36    0.29  3.21
2000  98 14 37    0.36  3.51
2000  98 14 38    0.27  3.31
2000  98 14 39    0.54  3.57
2000  98 14 40    0.74  3.29
2000  98 14 41    0.19  3.00
2000  98 14 42    0.48  2.84
2000  98 14 43    0.36  3.00
2000  98 14 44    0.04  2.93
2000  98 14 45    0.12  2.78
2000  98 14 46    0.14  2.61
2000  98 14 47    0.04  2.95
2000  98 14 48    0.13  2.66
2000  98 14 49   -0.01  2.76
2000  98 14 50   -0.06  2.83
2000  98 14 51   -0.06  3.01
2000  98 14 52    0.13  3.10
2000  98 14 53    0.45  3.06
2000  98 14 54    0.69  3.28
2000  98 14 55    0.89  3.42
2000  98 14 56    0.82  3.39
2000  98 14 57    0.84  3.24
2000  98 14 58   -0.10  3.84
2000  98 14 59    0.66  3.57
2000  98 15  0    0.47  3.30
2000  98 15  1    0.66  3.47
2000  98 15  2    0.40  3.46
2000  98 15  3    0.90  3.31
2000  98 15  4    0.33  3.20
2000  98 15  5    0.13  3.43
2000  98 15  6    0.19  3.37
2000  98 15  7    0.23  3.29
2000  98 15  8    0.29  3.23
2000  98 15  9    0.55  3.14
2000  98 15 10    0.91  3.42
2000  98 15 11    0.98  3.21
2000  98 15 12    0.96  3.14
2000  98 15 13    0.92  3.14
2000  98 15 14    0.74  3.10
2000  98 15 15    0.76 99.99
2000  98 15 16    0.73  3.26
2000  98 15 17    0.74  3.25
2000  98 15 18    0.98  3.08
2000  98 15 19    0.95  2.97
2000  98 15 20    0.95  2.97
2000  98 15 21    0.97  3.22
2000  98 15 22    0.94  3.20
2000  98 15 23    0.97  3.12
2000  98 15 24    0.90  2.94
2000  98 15 25    1.03  2.94
2000  98 15 26    1.04  3.17
2000  98 15 27    1.14  3.08
2000  98 15 28    1.19  3.08
2000  98 15 29    1.15  2.73
2000  98 15 30    1.25  2.98
2000  98 15 31    1.02  2.20
2000  98 15 32    0.93  2.11
2000  98 15 33    0.98  2.17
2000  98 15 34    0.74  1.87
2000  98 15 35    0.85  1.82
2000  98 15 36    0.85  1.79
2000  98 15 37    0.83 99.99
2000  98 15 38    0.82  2.15
2000  98 15 39    0.88  2.26
2000  98 15 40    0.95  2.18
2000  98 15 41    0.78  2.01
2000  98 15 42    0.97  2.76
2000  98 15 43    0.98  2.85
2000  98 15 44    0.78  2.88
2000  98 15 45   -0.15  2.99
2000  98 15 46   -0.07  3.01
2000  98 15 47   -0.15  3.29
2000  98 15 48   -0.29  3.08
2000  98 15 49   -0.05  3.11
2000  98 15 50   -0.15  2.63
2000  98 15 51    0.16  2.70
2000  98 15 52    0.17  2.89
2000  98 15 53    0.09  2.97
2000  98 15 54    0.13  2.90
2000  98 15 55    0.21  2.70
2000  98 15 56    0.18  2.47
2000  98 15 57    0.12  2.05
2000  98 15 58    0.13  2.32
2000  98 15 59    0.32  1.86
2000  98 16  0    0.24  2.10
2000  98 16  1    0.21  1.95
2000  98 16  2    0.24  1.74
2000  98 16  3    0.04  1.89
2000  98 16  4    0.17  1.55
2000  98 16  5    0.49  1.62
2000  98 16  6    0.87  1.63
2000  98 16  7    0.81  1.58
2000  98 16  8    0.39  1.67
2000  98 16  9    0.52  1.74
2000  98 16 10   -0.01  1.62
2000  98 16 11    0.25  1.60
2000  98 16 12    0.32  1.51
2000  98 16 13    0.38  1.65
2000  98 16 14    0.36  2.03
2000  98 16 15    0.44  2.18
2000  98 16 16    0.52  1.60
2000  98 16 17    0.60  1.50
2000  98 16 18    0.39  1.73
2000  98 16 19    0.48  2.20
2000  98 16 20    0.56  2.15
2000  98 16 21    0.63  1.98
2000  98 16 22    0.55  1.98
2000  98 16 23    0.54  2.06
2000  98 16 24    0.48  2.09
2000  98 16 25    0.52  1.44
2000  98 16 26    0.70  2.10
2000  98 16 27    0.67  1.74
2000  98 16 28    0.60  1.56
2000  98 16 29    0.62  2.41
2000  98 16 30    0.72  2.69
2000  98 16 31    0.80  2.28
2000  98 16 32    1.13  2.80
2000  98 16 33    1.39  2.30
2000  98 16 34    1.67  2.24
2000  98 16 35    1.83 99.99
2000  98 16 36    1.78  3.09
2000  98 16 37    1.72  2.91
2000  98 16 38    1.55  2.87
2000  98 16 39    1.53  2.80
2000  98 16 40    1.66  2.80
2000  98 16 41    1.42  3.22
2000  98 16 42    1.39  3.22
2000  98 16 43    1.32 99.99
2000  98 16 44    1.32  3.03
2000  98 16 45    1.04  2.88
2000  98 16 46    1.16  3.30
2000  98 16 47    0.90  3.34
2000  98 16 48    0.77  3.25
2000  98 16 49   -0.20  2.99
2000  98 16 50    0.15  2.89
2000  98 16 51   -1.33  3.08
2000  98 16 52   -1.26  2.30
2000  98 16 53   -1.38  1.82
2000  98 16 54   -2.50  1.39
2000  98 16 55   -2.57  1.44
2000  98 16 56   -1.74  1.49
2000  98 16 57   -2.19  1.97
2000  98 16 58   -2.47  1.52
2000  98 16 59   -2.59  1.48
2000  98 17  0   -2.76  1.48
2000  98 17  1   -2.42  1.43
2000  98 17  2   -1.87  1.10
2000  98 17  3   -2.36  1.25
2000  98 17  4   -2.25  1.30
2000  98 17  5   -2.00  1.32
2000  98 17  6   -2.08  1.25
2000  98 17  7   -2.11  1.37
2000  98 17  8   -1.94  1.39
2000  98 17  9   -1.88  1.17
2000  98 17 10   -1.78  1.27
2000  98 17 11   -2.15  1.35
2000  98 17 12   -2.15  1.38
2000  98 17 13   -1.97  1.20
2000  98 17 14   -2.29  1.08
2000  98 17 15   -1.89  0.96
2000  98 17 16   -1.84  0.81
2000  98 17 17   -2.21  0.94
2000  98 17 18   -2.31  1.07
2000  98 17 19   -2.42  1.11
2000  98 17 20   -2.24  0.80
2000  98 17 21   -2.08  1.04
2000  98 17 22   -1.92  0.59
2000  98 17 23   -2.28  0.80
2000  98 17 24   -2.31  0.74
2000  98 17 25   -2.34  1.12
2000  98 17 26   -2.01  0.88
2000  98 17 27   -1.94  0.78
2000  98 17 28   -1.84  0.83
2000  98 17 29   -1.88  0.88
2000  98 17 30   -1.83  0.82
2000  98 17 31   -1.77  0.80
2000  98 17 32   -1.86  0.71
2000  98 17 33   -1.78  0.80
2000  98 17 34   -1.65  0.74
2000  98 17 35   -1.66  1.00
2000  98 17 36   -1.80  0.79
2000  98 17 37   -1.68  0.86
2000  98 17 38   -1.74  0.74
2000  98 17 39   -1.72  0.72
2000  98 17 40   -1.74  0.97
2000  98 17 41   -1.77 99.99
2000  98 17 42   -1.95  0.65
2000  98 17 43   -1.82  0.88
2000  98 17 44   -2.07  0.92
2000  98 17 45   -1.72  0.93
2000  98 17 46   -2.15  0.65
2000  98 17 47   -2.64  1.08
2000  98 17 48   -2.46  1.07
2000  98 17 49   -1.98  0.84
2000  98 17 50   -1.64  1.00
2000  98 17 51   -1.44  0.91
2000  98 17 52   -1.16  0.93
2000  98 17 53   -1.02  1.00
2000  98 17 54   -1.02  1.00
2000  98 17 55   -0.90  0.90
2000  98 17 56   -1.05  0.82
2000  98 17 57   -1.30  0.97
2000  98 17 58   -1.16  0.85
2000  98 17 59   -0.79  0.85
2000  98 18  0   -0.47  0.70
2000  98 18  1   -0.55  0.69
2000  98 18  2   -0.59  0.73
2000  98 18  3   -0.52  0.78
2000  98 18  4   -0.46  0.61
2000  98 18  5    0.07  0.71
2000  98 18  6    1.12  0.80
2000  98 18  7    2.14  0.68
2000  98 18  8    1.68  0.59
2000  98 18  9    1.60  0.74
2000  98 18 10    1.69  0.70
2000  98 18 11    1.55  0.67
2000  98 18 12    1.47  0.58
2000  98 18 13    1.61  0.78
2000  98 18 14    1.56  0.78
2000  98 18 15    1.47  0.85
2000  98 18 16    1.38  0.71
2000  98 18 17    1.23  0.66
2000  98 18 18    1.22  0.56
2000  98 18 19    1.22  0.63
2000  98 18 20    1.26  0.57
2000  98 18 21    1.11  0.54
2000  98 18 22    1.61  0.70
2000  98 18 23    1.32  0.66
2000  98 18 24    1.07  0.59
2000  98 18 25    0.81  0.58
2000  98 18 26    0.73  0.50
2000  98 18 27    0.71  0.55
2000  98 18 28    1.09  0.61
2000  98 18 29    1.08  0.54
2000  98 18 30    0.87  0.57
2000  98 18 31    0.68  0.59
2000  98 18 32    0.62  0.52
2000  98 18 33    0.60  0.63
2000  98 18 34    0.52  0.52
2000  98 18 35    0.55 99.99
2000  98 18 36    0.26  0.70
2000  98 18 37    0.13  0.58
2000  98 18 38   -0.36  0.66
2000  98 18 39   -0.21  0.60
2000  98 18 40    0.22  0.55
2000  98 18 41    0.94  0.76
2000  98 18 42    0.89  0.53
2000  98 18 43    1.14  0.53
2000  98 18 44    1.19 99.99
2000  98 18 45    0.84  0.67
2000  98 18 46    0.74  0.68
2000  98 18 47    0.03  0.78
2000  98 18 48    0.10  0.77
2000  98 18 49    0.05  0.80
2000  98 18 50    0.14  0.80
2000  98 18 51    0.34  0.57
2000  98 18 52    0.31  0.57
2000  98 18 53    0.51  0.54
2000  98 18 54    0.51  0.68
2000  98 18 55    1.44  0.88
2000  98 18 56    1.18  0.77
2000  98 18 57    1.29  1.02
2000  98 18 58    0.83  1.10
2000  98 18 59    0.63  0.92
2000  98 19  0    0.09  0.96
2000  98 19  1    0.11  1.25
2000  98 19  2    0.25  1.05
2000  98 19  3    0.03  1.11
2000  98 19  4   -0.24  1.06
2000  98 19  5   -0.35  1.15
2000  98 19  6   -0.15  1.00
2000  98 19  7    0.29  0.92
2000  98 19  8    0.37  0.84
2000  98 19  9    0.37  0.73
2000  98 19 10    0.34  0.72
2000  98 19 11    0.38  0.65
2000  98 19 12    0.60  0.90
2000  98 19 13    0.43  0.78
2000  98 19 14    0.36  0.67
2000  98 19 15    0.35  0.92
2000  98 19 16    0.42  0.75
2000  98 19 17    0.26  0.95
2000  98 19 18    0.37  1.06
2000  98 19 19    0.31  0.91
2000  98 19 20    0.12  0.82
2000  98 19 21   -0.22  0.80
2000  98 19 22    0.64  0.87
2000  98 19 23    0.15  0.91
2000  98 19 24   -0.30  0.88
2000  98 19 25   -0.45  0.98
2000  98 19 26   -0.47  1.15
2000  98 19 27   -0.32  0.82
2000  98 19 28   -0.05  0.97
2000  98 19 29   -0.05  0.90
2000  98 19 30   -0.02  0.94
2000  98 19 31    0.02  1.04
2000  98 19 32   -0.06  0.98
2000  98 19 33   -0.28  1.00
2000  98 19 34   -0.47  1.03
2000  98 19 35   -0.53  1.16
2000  98 19 36   -0.63  1.03
2000  98 19 37   -0.64  1.07
2000  98 19 38   -0.63  1.17
2000  98 19 39   -0.70  1.11
2000  98 19 40   -0.82  1.03
2000  98 19 41   -1.03  0.92
2000  98 19 42   -1.14  0.93
2000  98 19 43   -1.14  1.01
2000  98 19 44   -0.78  1.06
2000  98 19 45   -0.98  1.11
2000  98 19 46   -0.93  1.04
2000  98 19 47   -0.96  0.98
2000  98 19 48   -0.81  1.20
2000  98 19 49   -0.41  1.20
2000  98 19 50   -0.60 99.99
2000  98 19 51   -0.62  1.16
2000  98 19 52   -0.65  1.21
2000  98 19 53   -0.82  0.93
2000  98 19 54   -0.71  1.12
2000  98 19 55   -0.81  1.15
2000  98 19 56   -0.78  1.21
2000  98 19 57   -0.79  1.14
2000  98 19 58   -0.79  1.10
2000  98 19 59   -0.97  1.15
2000  98 20  0   -1.13  1.03
2000  98 20  1   -1.17  1.18
2000  98 20  2   -1.02  0.98
2000  98 20  3   -1.05  1.13
2000  98 20  4   -1.32  1.32
2000  98 20  5   -1.44  1.24
2000  98 20  6   -1.23  1.24
2000  98 20  7   -0.79  0.89
2000  98 20  8   -0.82  0.91
2000  98 20  9   -0.28  0.94
2000  98 20 10    0.14  1.05
2000  98 20 11   -0.28  1.14
2000  98 20 12   -0.12  1.20
2000  98 20 13   -0.04  1.09
2000  98 20 14    0.09  1.07
2000  98 20 15    0.15  0.97
2000  98 20 16    0.22  0.97
2000  98 20 17    0.36  1.00
2000  98 20 18    0.45  1.00
2000  98 20 19    0.44  1.02
2000  98 20 20    0.52  1.02
2000  98 20 21    0.55  1.03
2000  98 20 22    0.62  1.04
2000  98 20 23    0.53  1.07
2000  98 20 24    0.66  1.10
2000  98 20 25    0.26  1.15
2000  98 20 26    0.41  1.14
2000  98 20 27    0.88  1.14
2000  98 20 28   -1.50  1.08
2000  98 20 29   -2.71  1.31
2000  98 20 30   -2.52  1.29
2000  98 20 31   -2.91  1.35
2000  98 20 32   -2.57  1.29
2000  98 20 33   -1.68  1.29
2000  98 20 34   -1.80  1.40
2000  98 20 35   -1.86  1.15
2000  98 20 36   -1.86  1.27
2000  98 20 37   -1.33  1.23
2000  98 20 38   -1.25  1.21
2000  98 20 39   -1.13  1.18
2000  98 20 40   -1.08  1.18
2000  98 20 41   -1.02  1.34
2000  98 20 42   -0.90  1.25
2000  98 20 43   -1.00  1.28
2000  98 20 44   -1.00  1.25
2000  98 20 45   -0.77 99.99
2000  98 20 46   -0.43  1.11
2000  98 20 47   -0.68  1.22
2000  98 20 48   -0.96  1.37
2000  98 20 49   -0.94  1.35
2000  98 20 50   -0.66  1.35
2000  98 20 51   -0.41  1.22
2000  98 20 52   -0.59  1.17
2000  98 20 53   -1.06  1.23
2000  98 20 54   -0.88  1.35
2000  98 20 55   -0.89  1.18
2000  98 20 56   -0.74  1.18
2000  98 20 57   -0.83  1.13
2000  98 20 58   -0.73  1.14
2000  98 20 59   -0.57  1.14
2000  98 21  0   -1.01  1.22
2000  98 21  1   -1.61  1.29
2000  98 21  2   -1.63  1.63
2000  98 21  3   -1.19  1.59
2000  98 21  4   -1.17  1.43
2000  98 21  5   -0.17  1.31
2000  98 21  6   -0.51  1.14
2000  98 21  7   -0.92  1.13
2000  98 21  8   -1.20  1.03
2000  98 21  9   -0.63  1.03
2000  98 21 10   -0.13  0.79
2000  98 21 11    0.05  0.76
2000  98 21 12   -0.35  0.75
2000  98 21 13   -0.52  0.89
2000  98 21 14   -0.68  0.97
2000  98 21 15   -0.17  1.12
2000  98 21 16   -0.28  0.66
2000  98 21 17   -0.21  0.89
2000  98 21 18    0.11  0.77
2000  98 21 19    0.12  0.79
2000  98 21 20   -0.91  0.87
2000  98 21 21   -0.89  1.05
2000  98 21 22    0.44  1.12
2000  98 21 23   -0.03  0.99
2000  98 21 24   -0.55  1.06
2000  98 21 25   -1.02  1.06
2000  98 21 26   -1.03  1.04
2000  98 21 27   -0.78  0.92
2000  98 21 28   -0.94  1.10
2000  98 21 29   -0.99  1.17
2000  98 21 30   -0.93  1.17
2000  98 21 31   -0.87  1.21
2000  98 21 32   -0.85  0.98
2000  98 21 33   -1.09  1.19
2000  98 21 34   -0.67  0.90
2000  98 21 35   -0.58  0.91
2000  98 21 36   -0.52  1.01
2000  98 21 37   -0.38  0.99
2000  98 21 38   -0.41  1.12
2000  98 21 39   -0.61  1.19
2000  98 21 40   -0.78  1.28
2000  98 21 41   -0.79  1.22
2000  98 21 42   -0.61  1.17
2000  98 21 43   -0.75  1.19
2000  98 21 44   -0.59  1.26
2000  98 21 45   -0.86  1.22
2000  98 21 46   -0.74  1.22
2000  98 21 47   -0.83  1.16
2000  98 21 48   -0.86  0.98
2000  98 21 49   -0.87  1.08
2000  98 21 50   -1.21  1.20
2000  98 21 51   -1.48  1.33
2000  98 21 52   -1.23  1.32
2000  98 21 53   -0.95  1.23
2000  98 21 54   -1.03  1.04
2000  98 21 55   -1.07  1.04
2000  98 21 56   -1.17  1.09
2000  98 21 57   -1.13  1.02
2000  98 21 58   -1.28  1.03
2000  98 21 59   -1.36  1.08
2000  98 22  0   -0.93  1.22
2000  98 22  1   -0.72  1.31
2000  98 22  2   -1.06  1.31
2000  98 22  3   -1.08  1.20
2000  98 22  4   -1.25  1.29
2000  98 22  5   -1.31  1.25
2000  98 22  6   -1.38  1.25
2000  98 22  7   -1.59 99.99
2000  98 22  8   -1.70  1.33
2000  98 22  9   -1.68  1.32
2000  98 22 10   -1.57  1.42
2000  98 22 11   -1.83  1.34
2000  98 22 12   -1.60  1.29
2000  98 22 13   -1.15  1.30
2000  98 22 14   -1.90  1.30
2000  98 22 15   -2.04  1.42
2000  98 22 16   -0.80  1.05
2000  98 22 17   -0.40  1.07
2000  98 22 18   -0.52  0.71
2000  98 22 19   -0.43  0.68
2000  98 22 20   -0.93  0.88
2000  98 22 21   -0.65  0.84
2000  98 22 22   -0.22  0.67
2000  98 22 23   -0.76  0.69
2000  98 22 24   -1.25  1.18
2000  98 22 25   -1.18  0.85
2000  98 22 26   -0.09  0.65
2000  98 22 27   -0.06  0.69
2000  98 22 28   -0.40  0.66
2000  98 22 29   -0.54  0.66
2000  98 22 30   -0.54  0.77
2000  98 22 31   -0.85  0.81
2000  98 22 32   -1.16  0.81
2000  98 22 33   -1.15  0.81
2000  98 22 34   -1.54  0.99
2000  98 22 35   -1.47  0.84
2000  98 22 36   -1.00  0.85
2000  98 22 37   -0.99  0.84
2000  98 22 38   -0.89  0.83
2000  98 22 39   -0.91  0.81
2000  98 22 40   -0.95  0.85
2000  98 22 41   -1.06  0.86
2000  98 22 42   -1.37  0.87
2000  98 22 43   -1.27  0.66
2000  98 22 44   -1.73  0.66
2000  98 22 45   -0.64  0.84
2000  98 22 46   -0.38  0.77
2000  98 22 47   -1.14  0.85
2000  98 22 48   -1.03  0.97
2000  98 22 49   -1.24  1.02
2000  98 22 50   -1.28  1.00
2000  98 22 51   -1.12  1.02
2000  98 22 52   -1.49  0.99
2000  98 22 53   -1.86  0.99
2000  98 22 54   -2.17  0.97
2000  98 22 55   -2.23  1.04
2000  98 22 56   -2.13  1.08
2000  98 22 57   -2.18  0.93
2000  98 22 58   -2.15  1.17
2000  98 22 59   -2.16  1.09
2000  98 23  0   -2.22  1.05
2000  98 23  1   -2.14  1.21
2000  98 23  2   -2.11  1.21
2000  98 23  3 9999.99 99.99
2000  98 23  4   -1.91  1.07
2000  98 23  5   -1.97  1.07
2000  98 23  6   -2.02  1.04
2000  98 23  7   -1.95  1.00
2000  98 23  8   -2.02  1.07
2000  98 23  9   -2.19  0.95
2000  98 23 10   -2.24  0.83
2000  98 23 11   -2.27  0.87
2000  98 23 12   -2.18  0.87
2000  98 23 13   -2.19  0.83
2000  98 23 14   -1.97  0.84
2000  98 23 15   -1.86  0.77
2000  98 23 16   -1.96  0.78
2000  98 23 17   -1.97  0.86
2000  98 23 18   -1.82  0.76
2000  98 23 19   -1.75  0.94
2000  98 23 20   -1.82  0.84
2000  98 23 21   -1.83  0.80
2000  98 23 22   -1.87  0.83
2000  98 23 23   -1.87  0.83
2000  98 23 24   -1.81  0.84
2000  98 23 25   -1.70  0.88
2000  98 23 26   -1.69  0.83
2000  98 23 27   -1.63  0.88
2000  98 23 28   -1.55  0.88
2000  98 23 29   -1.50  0.82
2000  98 23 30   -1.45  0.86
2000  98 23 31   -1.22  0.87
2000  98 23 32   -1.11  0.84
2000  98 23 33   -1.13  0.88
2000  98 23 34   -0.88  0.90
2000  98 23 35   -1.04  1.08
2000  98 23 36   -1.08  0.92
2000  98 23 37   -1.05  0.75
2000  98 23 38   -0.64  0.89
2000  98 23 39   -0.15  0.89
2000  98 23 40    0.07  0.73
2000  98 23 41    0.06  0.73
2000  98 23 42    0.04  0.79
2000  98 23 43    0.07  0.86
2000  98 23 44   -0.32  0.86
2000  98 23 45   -0.56  0.85
2000  98 23 46   -0.61  0.86
2000  98 23 47   -0.42  0.91
2000  98 23 48   -0.55  0.91
2000  98 23 49   -0.53  0.91
2000  98 23 50   -0.41  0.91
2000  98 23 51   -0.53  0.84
2000  98 23 52   -0.46  0.84
2000  98 23 53   -0.35  0.78
2000  98 23 54   -0.26  0.76
2000  98 23 55   -0.28  0.66
2000  98 23 56   -0.25  0.66
2000  98 23 57   -0.13  0.68
2000  98 23 58   -0.26  0.63
2000  98 23 59   -0.12  0.58
