2001 101  0  0   -0.01  1.20
2001 101  0  1   -0.08 99.99
2001 101  0  2   -0.06  1.15
2001 101  0  3    0.12  1.20
2001 101  0  4   -0.40  1.24
2001 101  0  5   -0.67  1.23
2001 101  0  6   -0.37  1.28
2001 101  0  7   -0.48  0.96
2001 101  0  8   -0.43 99.99
2001 101  0  9   -0.70  1.25
2001 101  0 10   -0.17  1.25
2001 101  0 11    0.25  1.12
2001 101  0 12   -0.34  1.08
2001 101  0 13   -0.08  1.01
2001 101  0 14    0.73  1.51
2001 101  0 15    0.80  1.37
2001 101  0 16   -0.91  1.12
2001 101  0 17   -0.09  1.04
2001 101  0 18    0.60  1.14
2001 101  0 19    0.78  1.15
2001 101  0 20    0.91  1.31
2001 101  0 21    0.10  1.22
2001 101  0 22    2.06  1.12
2001 101  0 23    1.52  1.17
2001 101  0 24    2.24  1.29
2001 101  0 25    2.59  1.53
2001 101  0 26    1.81  1.53
2001 101  0 27    1.79 99.99
2001 101  0 28    1.67  0.96
2001 101  0 29    1.90  1.00
2001 101  0 30    1.35  1.29
2001 101  0 31    1.63  1.31
2001 101  0 32    2.27 99.99
2001 101  0 33    2.28  1.33
2001 101  0 34    2.64  1.31
2001 101  0 35    1.22  1.16
2001 101  0 36    1.14  0.98
2001 101  0 37    1.44  0.98
2001 101  0 38   -0.35  1.02
2001 101  0 39   -1.50  0.98
2001 101  0 40   -1.73 99.99
2001 101  0 41   -2.22 99.99
2001 101  0 42   -2.50  1.09
2001 101  0 43   -2.74  1.06
2001 101  0 44   -2.60  1.06
2001 101  0 45   -2.88  1.02
2001 101  0 46   -2.19  1.07
2001 101  0 47   -2.42  1.05
2001 101  0 48   -1.84  1.18
2001 101  0 49   -1.73  1.13
2001 101  0 50   -2.12  1.13
2001 101  0 51   -2.29  1.13
2001 101  0 52   -1.79  1.11
2001 101  0 53   -1.70  1.09
2001 101  0 54   -2.06  1.08
2001 101  0 55   -2.18  1.14
2001 101  0 56   -1.64  1.14
2001 101  0 57   -1.79  1.12
2001 101  0 58   -1.63  1.11
2001 101  0 59   -1.90  1.02
2001 101  1  0   -2.07  1.03
2001 101  1  1   -2.31  1.07
2001 101  1  2   -2.41  1.04
2001 101  1  3   -3.01  1.04
2001 101  1  4   -2.90 99.99
2001 101  1  5   -2.54  0.90
2001 101  1  6   -1.66  0.98
2001 101  1  7   -1.22  0.98
2001 101  1  8   -1.17  0.97
2001 101  1  9   -1.48  0.87
2001 101  1 10   -2.63  0.92
2001 101  1 11   -2.79  1.04
2001 101  1 12   -2.77  0.96
2001 101  1 13   -2.64  0.90
2001 101  1 14   -2.02 99.99
2001 101  1 15   -1.61  0.92
2001 101  1 16   -1.78  0.92
2001 101  1 17   -1.34  0.93
2001 101  1 18   -1.22  0.92
2001 101  1 19   -1.52  0.89
2001 101  1 20   -2.22  0.93
2001 101  1 21   -1.70  0.97
2001 101  1 22   -1.69  0.98
2001 101  1 23   -1.62  0.93
2001 101  1 24   -1.37  0.93
2001 101  1 25   -1.60  0.91
2001 101  1 26   -2.72  1.03
2001 101  1 27   -3.02  1.11
2001 101  1 28   -2.89  1.00
2001 101  1 29   -2.17  0.89
2001 101  1 30   -2.11  0.95
2001 101  1 31   -1.92  0.95
2001 101  1 32   -1.40  0.93
2001 101  1 33   -0.66  0.93
2001 101  1 34   -1.63  0.96
2001 101  1 35   -1.80  0.95
2001 101  1 36   -2.11  0.91
2001 101  1 37   -2.14  0.93
2001 101  1 38   -1.98  0.93
2001 101  1 39   -1.98  0.94
2001 101  1 40   -1.51  0.91
2001 101  1 41   -1.48  0.94
2001 101  1 42   -1.47  0.96
2001 101  1 43   -1.37  0.95
2001 101  1 44   -1.31  0.93
2001 101  1 45   -1.10  0.93
2001 101  1 46   -0.72  0.93
2001 101  1 47   -0.78  0.94
2001 101  1 48   -0.81  0.94
2001 101  1 49   -0.85  0.88
2001 101  1 50   -0.93  0.96
2001 101  1 51   -0.54  0.90
2001 101  1 52   -0.45  0.96
2001 101  1 53   -0.41  0.89
2001 101  1 54   -0.47  0.88
2001 101  1 55   -0.15  0.87
2001 101  1 56   -0.38  0.92
2001 101  1 57   -0.61  0.95
2001 101  1 58   -0.68  0.95
2001 101  1 59   -0.45  0.94
2001 101  2  0   -0.29  0.88
2001 101  2  1   -0.29  0.92
2001 101  2  2   -0.24  0.94
2001 101  2  3   -0.22  0.95
2001 101  2  4   -0.31  0.95
2001 101  2  5   -0.49  0.92
2001 101  2  6   -0.61  0.90
2001 101  2  7   -0.92  0.96
2001 101  2  8   -1.00  1.00
2001 101  2  9   -0.79  0.99
2001 101  2 10   -0.57  0.92
2001 101  2 11   -0.53  0.86
2001 101  2 12   -0.47  0.82
2001 101  2 13   -0.07  0.89
2001 101  2 14   -0.28  0.93
2001 101  2 15   -0.59  1.02
2001 101  2 16   -1.46  1.05
2001 101  2 17   -1.75  1.01
2001 101  2 18   -1.46  1.07
2001 101  2 19   -1.19  1.04
2001 101  2 20   -1.21  1.04
2001 101  2 21   -1.60  1.16
2001 101  2 22   -0.82  1.02
2001 101  2 23   -1.62  0.95
2001 101  2 24   -1.95  1.09
2001 101  2 25   -2.38  1.09
2001 101  2 26   -2.22  1.08
2001 101  2 27   -1.96  1.10
2001 101  2 28   -2.19  1.07
2001 101  2 29   -2.42  1.06
2001 101  2 30   -2.38  1.12
2001 101  2 31   -2.11  1.12
2001 101  2 32   -1.74 99.99
2001 101  2 33   -1.15  1.10
2001 101  2 34   -1.70  1.10
2001 101  2 35   -2.17  1.10
2001 101  2 36   -1.74  1.09
2001 101  2 37   -1.81  1.10
2001 101  2 38   -2.05  1.07
2001 101  2 39   -2.66  1.04
2001 101  2 40   -2.78  1.18
2001 101  2 41   -2.93  1.18
2001 101  2 42   -2.80  1.10
2001 101  2 43   -2.43  1.09
2001 101  2 44   -2.11  1.03
2001 101  2 45   -1.31  1.00
2001 101  2 46   -0.68  1.00
2001 101  2 47   -0.30 99.99
2001 101  2 48   -0.99 99.99
2001 101  2 49   -3.19  1.76
2001 101  2 50   -3.36  1.37
2001 101  2 51 9999.99  1.36
2001 101  2 52   -1.32 99.99
2001 101  2 53 9999.99 99.99
2001 101  2 54 9999.99 99.99
2001 101  2 55   -3.35  1.20
2001 101  2 56   -2.17  1.20
2001 101  2 57   -2.44 99.99
2001 101  2 58   -2.08  1.15
2001 101  2 59   -2.18  1.19
2001 101  3  0   -2.11  1.12
2001 101  3  1   -2.43  1.07
2001 101  3  2   -2.48  1.08
2001 101  3  3   -2.60  0.97
2001 101  3  4   -3.39  1.24
2001 101  3  5   -3.29  1.06
2001 101  3  6   -3.35  1.18
2001 101  3  7   -2.66 99.99
2001 101  3  8   -2.95  1.22
2001 101  3  9   -2.99  1.14
2001 101  3 10   -3.06  1.11
2001 101  3 11   -1.73  1.20
2001 101  3 12   -2.22  1.29
2001 101  3 13   -1.75  1.28
2001 101  3 14   -1.57  1.15
2001 101  3 15   -1.37  1.15
2001 101  3 16   -1.06  1.02
2001 101  3 17   -0.67  1.11
2001 101  3 18   -0.34  1.14
2001 101  3 19   -0.81  1.16
2001 101  3 20   -0.18  1.25
2001 101  3 21   -0.17  1.25
2001 101  3 22    0.02  1.17
2001 101  3 23    0.06  1.17
2001 101  3 24   -0.26  1.18
2001 101  3 25   -0.32  1.21
2001 101  3 26    0.09  1.22
2001 101  3 27    0.17  1.32
2001 101  3 28    0.24  1.19
2001 101  3 29    0.10  1.29
2001 101  3 30    0.48  1.40
2001 101  3 31    0.35  1.35
2001 101  3 32   -0.70  1.33
2001 101  3 33   -0.40  1.28
2001 101  3 34   -0.35  1.28
2001 101  3 35   -0.26  1.28
2001 101  3 36   -0.25  1.33
2001 101  3 37   -0.56  1.23
2001 101  3 38   -0.60  1.22
2001 101  3 39   -1.24  1.21
2001 101  3 40   -1.00  1.12
2001 101  3 41   -0.23  1.25
2001 101  3 42   -0.34  1.25
2001 101  3 43    0.21  1.30
2001 101  3 44    0.15  1.25
2001 101  3 45   -0.81  1.06
2001 101  3 46    0.89 99.99
2001 101  3 47   -0.96  1.18
2001 101  3 48   -1.39  1.12
2001 101  3 49   -1.65  1.08
2001 101  3 50   -1.64  1.08
2001 101  3 51   -2.26 99.99
2001 101  3 52   -1.47  1.14
2001 101  3 53   -1.82  1.01
2001 101  3 54   -1.00  1.10
2001 101  3 55   -1.32  1.08
2001 101  3 56   -1.03  1.02
2001 101  3 57   -0.64  1.14
2001 101  3 58   -0.65  1.02
2001 101  3 59   -0.99  1.05
2001 101  4  0   -1.46  1.02
2001 101  4  1   -1.03  0.92
2001 101  4  2   -0.93  1.02
2001 101  4  3   -0.89  0.89
2001 101  4  4   -0.74  0.91
2001 101  4  5   -1.04  0.98
2001 101  4  6   -0.64  0.88
2001 101  4  7   -1.13  1.02
2001 101  4  8   -1.06  0.88
2001 101  4  9   -1.57  1.00
2001 101  4 10   -1.65  1.02
2001 101  4 11   -1.28  1.01
2001 101  4 12   -0.80  1.01
2001 101  4 13   -0.76 99.99
2001 101  4 14   -0.90  1.04
2001 101  4 15   -0.83  0.88
2001 101  4 16   -1.05  1.01
2001 101  4 17   -0.95  1.06
2001 101  4 18   -0.87  1.07
2001 101  4 19   -0.52 99.99
2001 101  4 20   -0.92  1.06
2001 101  4 21   -0.71  1.06
2001 101  4 22   -1.09  0.99
2001 101  4 23   -1.30  1.09
2001 101  4 24   -0.86  1.09
2001 101  4 25   -1.12  1.01
2001 101  4 26   -0.59  1.01
2001 101  4 27   -0.46  1.09
2001 101  4 28   -0.51  1.09
2001 101  4 29   -0.46  1.07
2001 101  4 30   -0.13  0.99
2001 101  4 31    0.01  1.07
2001 101  4 32   -0.14  1.07
2001 101  4 33   -0.21  0.93
2001 101  4 34   -0.11  0.93
2001 101  4 35   -0.42  0.98
2001 101  4 36   -0.45  1.02
2001 101  4 37   -0.78  1.02
2001 101  4 38   -0.44  0.92
2001 101  4 39   -0.25  1.00
2001 101  4 40   -0.40  0.88
2001 101  4 41   -0.63  0.95
2001 101  4 42   -0.35  0.84
2001 101  4 43   -0.48  0.83
2001 101  4 44   -0.96  0.98
2001 101  4 45   -0.71  1.06
2001 101  4 46   -0.90  0.83
2001 101  4 47   -1.05  0.88
2001 101  4 48   -1.17  1.03
2001 101  4 49   -1.30  1.05
2001 101  4 50   -1.04  0.84
2001 101  4 51   -0.97  0.84
2001 101  4 52   -1.00  0.83
2001 101  4 53   -0.65  0.86
2001 101  4 54   -1.07  0.86
2001 101  4 55   -1.13  0.88
2001 101  4 56   -0.97 99.99
2001 101  4 57   -0.90  0.89
2001 101  4 58   -1.93  0.89
2001 101  4 59   -1.17  0.87
2001 101  5  0   -0.77  1.01
2001 101  5  1   -1.18  0.89
2001 101  5  2   -1.08  0.90
2001 101  5  3   -0.48  0.91
2001 101  5  4   -0.23  0.92
2001 101  5  5   -1.38  0.98
2001 101  5  6   -0.02  0.93
2001 101  5  7   -1.79  0.93
2001 101  5  8   -1.65  0.99
2001 101  5  9   -1.27  1.10
2001 101  5 10   -1.47  1.08
2001 101  5 11   -1.14  0.95
2001 101  5 12   -1.20  0.94
2001 101  5 13   -2.09  0.93
2001 101  5 14   -2.16  0.98
2001 101  5 15   -1.55  0.88
2001 101  5 16   -1.83  0.94
2001 101  5 17   -1.47  0.92
2001 101  5 18   -1.59  1.04
2001 101  5 19   -1.89  1.04
2001 101  5 20   -1.63  1.00
2001 101  5 21   -1.50  0.97
2001 101  5 22   -1.43  0.94
2001 101  5 23   -1.53  0.95
2001 101  5 24   -1.65  0.92
2001 101  5 25   -1.60  0.88
2001 101  5 26   -1.46  0.92
2001 101  5 27   -0.59  0.89
2001 101  5 28   -0.36 99.99
2001 101  5 29    0.12 99.99
2001 101  5 30    0.27 99.99
2001 101  5 31   -0.71  0.93
2001 101  5 32   -0.57  0.91
2001 101  5 33   -0.99  0.94
2001 101  5 34   -0.92  0.95
2001 101  5 35   -0.59  0.91
2001 101  5 36   -0.83  0.99
2001 101  5 37   -1.10  0.99
2001 101  5 38   -0.90  0.92
2001 101  5 39   -1.14  0.96
2001 101  5 40   -1.49  0.92
2001 101  5 41   -1.52 99.99
2001 101  5 42   -1.39  0.93
2001 101  5 43   -1.51  0.93
2001 101  5 44   -1.39  0.93
2001 101  5 45   -1.23  0.92
2001 101  5 46   -1.13  0.87
2001 101  5 47 9999.99  0.89
2001 101  5 48   -0.42 99.99
2001 101  5 49   -1.02  0.89
2001 101  5 50   -0.28  0.91
2001 101  5 51   -0.25  0.90
2001 101  5 52    0.45  1.07
2001 101  5 53    0.73  1.16
2001 101  5 54    0.45  1.19
2001 101  5 55    0.41  1.08
2001 101  5 56   -0.81  1.07
2001 101  5 57    0.15  1.13
2001 101  5 58 9999.99  1.15
2001 101  5 59    0.42 99.99
2001 101  6  0 9999.99 99.99
2001 101  6  1    0.25 99.99
2001 101  6  2    0.40 99.99
2001 101  6  3    0.66  1.41
2001 101  6  4    0.61  1.41
2001 101  6  5    0.60 99.99
2001 101  6  6    0.89 99.99
2001 101  6  7    0.92 99.99
2001 101  6  8    0.76 99.99
2001 101  6  9    0.55 99.99
2001 101  6 10    0.60  1.17
2001 101  6 11    0.30  1.19
2001 101  6 12    0.55  1.31
2001 101  6 13    1.37  1.25
2001 101  6 14    1.18  1.25
2001 101  6 15    1.30  1.28
2001 101  6 16    2.31  1.26
2001 101  6 17    2.41  1.44
2001 101  6 18    2.58  1.47
2001 101  6 19    1.20  1.38
2001 101  6 20    1.30  1.16
2001 101  6 21    2.04  1.13
2001 101  6 22    1.58  1.39
2001 101  6 23    0.95  1.28
2001 101  6 24    0.95  1.23
2001 101  6 25    1.31  1.25
2001 101  6 26    1.24  1.10
2001 101  6 27    0.88  1.29
2001 101  6 28    1.34  1.37
2001 101  6 29    0.52 99.99
2001 101  6 30    1.64 99.99
2001 101  6 31    0.92  1.35
2001 101  6 32    1.09  1.37
2001 101  6 33    1.01  1.27
2001 101  6 34    1.01 99.99
2001 101  6 35    1.56 99.99
2001 101  6 36    1.35  1.27
2001 101  6 37    2.59  1.27
2001 101  6 38    2.26 99.99
2001 101  6 39    1.07  1.34
2001 101  6 40   -0.92  1.34
2001 101  6 41   -0.73  1.06
2001 101  6 42   -0.70  1.05
2001 101  6 43   -0.83 99.99
2001 101  6 44    0.05  1.05
2001 101  6 45   -0.14  1.05
2001 101  6 46   -0.05  1.07
2001 101  6 47    0.07  1.07
2001 101  6 48   -0.48  1.10
2001 101  6 49   -1.65  1.10
2001 101  6 50   -1.82  1.08
2001 101  6 51   -0.99  1.11
2001 101  6 52   -1.02  1.06
2001 101  6 53    0.00  1.06
2001 101  6 54    1.09  1.15
2001 101  6 55    1.24  1.18
2001 101  6 56    1.93  1.35
2001 101  6 57    2.05  1.49
2001 101  6 58    1.86  1.49
2001 101  6 59    0.12  1.10
2001 101  7  0    0.88  1.19
2001 101  7  1    0.81  1.31
2001 101  7  2    0.08  1.24
2001 101  7  3    0.41  1.22
2001 101  7  4    0.21  0.98
2001 101  7  5   -1.11  0.97
2001 101  7  6   -0.35  0.91
2001 101  7  7   -0.54  0.91
2001 101  7  8   -1.39  0.97
2001 101  7  9   -1.00  1.04
2001 101  7 10   -0.92  0.93
2001 101  7 11   -0.96  0.93
2001 101  7 12    0.18  0.92
2001 101  7 13   -0.08  1.12
2001 101  7 14   -0.30  0.96
2001 101  7 15   -0.02  0.95
2001 101  7 16   -0.29  0.95
2001 101  7 17    0.02  1.14
2001 101  7 18   -1.54  1.02
2001 101  7 19   -1.77  1.09
2001 101  7 20   -1.92  1.09
2001 101  7 21   -1.57  1.03
2001 101  7 22 9999.99  0.95
2001 101  7 23   -1.31  0.88
2001 101  7 24   -1.27  0.88
2001 101  7 25   -1.22  0.98
2001 101  7 26   -0.99  0.97
2001 101  7 27   -0.95  0.93
2001 101  7 28   -1.09  0.81
2001 101  7 29   -1.08  0.93
2001 101  7 30   -1.59  0.94
2001 101  7 31   -1.56  0.94
2001 101  7 32   -1.90  0.98
2001 101  7 33   -2.04  1.00
2001 101  7 34   -2.09  1.09
2001 101  7 35   -2.19  0.95
2001 101  7 36   -2.34  1.15
2001 101  7 37   -2.64  1.19
2001 101  7 38   -2.89  1.17
2001 101  7 39   -2.30  1.10
2001 101  7 40   -2.75  1.11
2001 101  7 41   -2.29  1.14
2001 101  7 42   -1.71  0.90
2001 101  7 43   -1.52  0.90
2001 101  7 44   -2.17 99.99
2001 101  7 45   -2.03  1.08
2001 101  7 46   -1.98  1.03
2001 101  7 47   -1.55  0.98
2001 101  7 48   -1.26  0.97
2001 101  7 49   -0.96  0.97
2001 101  7 50   -1.49  0.95
2001 101  7 51   -2.57  0.92
2001 101  7 52   -2.36  1.08
2001 101  7 53   -2.48  1.09
2001 101  7 54   -2.50  1.01
2001 101  7 55   -2.71  1.01
2001 101  7 56   -2.90  1.16
2001 101  7 57   -2.77  1.16
2001 101  7 58   -2.39 99.99
2001 101  7 59   -2.54  0.99
2001 101  8  0   -2.33  0.97
2001 101  8  1   -2.02  0.95
2001 101  8  2   -1.25  0.95
2001 101  8  3   -1.15  0.91
2001 101  8  4   -0.90  0.91
2001 101  8  5   -1.08  0.97
2001 101  8  6   -0.97  1.00
2001 101  8  7   -0.39  0.95
2001 101  8  8   -0.42  0.87
2001 101  8  9   -1.35  1.00
2001 101  8 10    0.52 99.99
2001 101  8 11    0.56 99.99
2001 101  8 12   -1.18 99.99
2001 101  8 13   -0.42 99.99
2001 101  8 14   -0.29  0.99
2001 101  8 15   -0.25  1.15
2001 101  8 16    0.44  1.17
2001 101  8 17    0.53 99.99
2001 101  8 18    0.25 99.99
2001 101  8 19    0.00  0.99
2001 101  8 20    0.36  0.99
2001 101  8 21    0.25 99.99
2001 101  8 22    0.01  0.91
2001 101  8 23    0.25  0.91
2001 101  8 24    0.75 99.99
2001 101  8 25   -0.06  0.98
2001 101  8 26   -0.35  0.99
2001 101  8 27   -1.09  1.04
2001 101  8 28   -1.57  1.00
2001 101  8 29   -1.34 99.99
2001 101  8 30   -0.36  0.96
2001 101  8 31   -1.24  0.96
2001 101  8 32   -1.26  1.10
2001 101  8 33   -0.02  0.99
2001 101  8 34    0.71  0.93
2001 101  8 35    0.76  0.91
2001 101  8 36   -0.03 99.99
2001 101  8 37   -0.74  1.14
2001 101  8 38   -0.72  1.11
2001 101  8 39   -0.39 99.99
2001 101  8 40    0.12  0.98
2001 101  8 41   -0.11  1.00
2001 101  8 42   -0.57  1.12
2001 101  8 43   -0.26  1.04
2001 101  8 44    1.26  0.96
2001 101  8 45    0.26  1.28
2001 101  8 46    1.08  1.17
2001 101  8 47    0.36  1.00
2001 101  8 48    0.80  1.29
2001 101  8 49    1.28  1.21
2001 101  8 50    0.27  1.10
2001 101  8 51    0.39  1.00
2001 101  8 52    0.49  1.00
2001 101  8 53    0.53  0.90
2001 101  8 54    1.30  0.90
2001 101  8 55    0.34  1.15
2001 101  8 56    0.35  1.18
2001 101  8 57    2.06  1.21
2001 101  8 58    1.42 99.99
2001 101  8 59    1.83 99.99
2001 101  9  0    0.82 99.99
2001 101  9  1    0.40  0.96
2001 101  9  2    0.03  1.02
2001 101  9  3    0.03  1.01
2001 101  9  4    0.38  0.92
2001 101  9  5    0.69  0.92
2001 101  9  6    1.40  1.33
2001 101  9  7    1.57  1.04
2001 101  9  8    0.62  1.15
2001 101  9  9    1.05  1.02
2001 101  9 10    1.02  1.06
2001 101  9 11    1.25  1.11
2001 101  9 12   -0.31  1.08
2001 101  9 13   -1.13  1.00
2001 101  9 14    0.33  0.93
2001 101  9 15   -0.74  1.07
2001 101  9 16   -0.81  1.00
2001 101  9 17   -2.13  0.96
2001 101  9 18   -2.42 99.99
2001 101  9 19   -2.46 99.99
2001 101  9 20   -1.83 99.99
2001 101  9 21   -2.36  0.94
2001 101  9 22   -2.62  0.94
2001 101  9 23   -2.84  1.03
2001 101  9 24   -2.00  1.03
2001 101  9 25   -2.32 99.99
2001 101  9 26   -2.89 99.99
2001 101  9 27   -2.24  0.91
2001 101  9 28   -2.53  0.91
2001 101  9 29   -0.84  1.11
2001 101  9 30   -1.00  0.95
2001 101  9 31   -1.63  1.01
2001 101  9 32   -1.69  1.03
2001 101  9 33   -1.01  0.93
2001 101  9 34   -1.47  0.94
2001 101  9 35   -1.73 99.99
2001 101  9 36   -1.71  0.89
2001 101  9 37   -1.64  0.90
2001 101  9 38   -2.11  0.99
2001 101  9 39   -1.76  0.94
2001 101  9 40   -2.10  0.98
2001 101  9 41   -2.56  1.00
2001 101  9 42   -2.36  1.02
2001 101  9 43   -2.23  1.02
2001 101  9 44   -2.20 99.99
2001 101  9 45   -2.03 99.99
2001 101  9 46   -2.13  1.00
2001 101  9 47   -1.77  0.89
2001 101  9 48   -1.68  0.95
2001 101  9 49   -1.61  1.00
2001 101  9 50   -1.48  1.06
2001 101  9 51   -2.18  1.07
2001 101  9 52   -2.52  0.90
2001 101  9 53   -1.74  0.85
2001 101  9 54   -1.71  0.88
2001 101  9 55   -1.82  0.88
2001 101  9 56   -1.93 99.99
2001 101  9 57   -1.31  0.86
2001 101  9 58   -1.03  0.86
2001 101  9 59   -0.80  0.91
2001 101 10  0   -0.70  0.95
2001 101 10  1   -0.85  0.96
2001 101 10  2   -0.91  0.92
2001 101 10  3   -0.91  0.85
2001 101 10  4   -1.38  0.85
2001 101 10  5   -1.27 99.99
2001 101 10  6   -0.45  0.73
2001 101 10  7   -0.83  0.73
2001 101 10  8   -1.03 99.99
2001 101 10  9   -0.66  0.86
2001 101 10 10   -0.43  0.84
2001 101 10 11   -1.02  0.83
2001 101 10 12   -1.78  0.96
2001 101 10 13   -0.94  0.92
2001 101 10 14   -0.86  0.85
2001 101 10 15   -0.66  0.84
2001 101 10 16   -0.83  0.86
2001 101 10 17    1.02  1.01
2001 101 10 18    0.88  0.92
2001 101 10 19    0.49  0.85
2001 101 10 20   -0.08  0.82
2001 101 10 21    0.08  0.78
2001 101 10 22    0.52  0.85
2001 101 10 23    0.30  0.83
2001 101 10 24    1.43  0.87
2001 101 10 25    1.39  0.89
2001 101 10 26    0.58  0.89
2001 101 10 27    0.89  0.89
2001 101 10 28    0.08  0.91
2001 101 10 29   -1.03  0.82
2001 101 10 30   -0.80  0.84
2001 101 10 31   -0.76  0.89
2001 101 10 32   -0.64  0.84
2001 101 10 33   -0.98  0.87
2001 101 10 34   -1.12  0.93
2001 101 10 35   -1.16  0.82
2001 101 10 36   -1.73  0.84
2001 101 10 37   -1.46  0.83
2001 101 10 38   -1.06 99.99
2001 101 10 39   -0.39  0.76
2001 101 10 40   -0.44  0.76
2001 101 10 41   -0.03  0.81
2001 101 10 42   -1.63  0.81
2001 101 10 43   -0.66  0.81
2001 101 10 44   -1.06  0.90
2001 101 10 45   -0.83  0.81
2001 101 10 46   -1.28  0.85
2001 101 10 47   -0.54  0.86
2001 101 10 48   -0.66  0.88
2001 101 10 49   -0.87  0.89
2001 101 10 50   -0.90  0.88
2001 101 10 51   -0.25  0.83
2001 101 10 52    0.39  0.87
2001 101 10 53   -0.17 99.99
2001 101 10 54   -0.75  0.90
2001 101 10 55   -0.89  0.90
2001 101 10 56   -0.56  0.83
2001 101 10 57   -0.27  0.85
2001 101 10 58   -0.47  0.88
2001 101 10 59    0.21  0.90
2001 101 11  0   -0.16  0.93
2001 101 11  1   -1.69  1.01
2001 101 11  2   -1.95  1.00
2001 101 11  3   -1.20  0.88
2001 101 11  4    0.19  0.99
2001 101 11  5    0.74  0.86
2001 101 11  6    0.62  0.69
2001 101 11  7    0.19  0.68
2001 101 11  8   -0.30  0.72
2001 101 11  9    0.21  0.80
2001 101 11 10    0.76  0.85
2001 101 11 11    1.17  0.82
2001 101 11 12   -0.17  0.85
2001 101 11 13    0.44  0.85
2001 101 11 14    0.48  0.87
2001 101 11 15    1.45  0.82
2001 101 11 16    2.39  0.91
2001 101 11 17    0.89 99.99
2001 101 11 18    0.59  0.88
2001 101 11 19   -0.09  0.93
2001 101 11 20    0.58  0.94
2001 101 11 21    0.54  0.87
2001 101 11 22    0.74  0.89
2001 101 11 23    0.60  0.84
2001 101 11 24    0.53  0.79
2001 101 11 25    0.93  0.81
2001 101 11 26    1.05  0.81
2001 101 11 27    1.40  0.84
2001 101 11 28    1.45  0.85
2001 101 11 29    1.49  0.83
2001 101 11 30    0.31  0.93
2001 101 11 31    0.17  0.93
2001 101 11 32    0.71  0.86
2001 101 11 33    1.87  0.84
2001 101 11 34    1.33  0.84
2001 101 11 35   -0.01  0.78
2001 101 11 36    1.16  0.78
2001 101 11 37    1.04  0.84
2001 101 11 38    1.56  0.85
2001 101 11 39    1.91  1.04
2001 101 11 40    2.26  1.10
2001 101 11 41    0.35 99.99
2001 101 11 42    2.55  1.04
2001 101 11 43    2.09  1.03
2001 101 11 44    1.70  0.94
2001 101 11 45    2.35  1.00
2001 101 11 46    2.36  1.01
2001 101 11 47    1.34  1.03
2001 101 11 48    0.02 99.99
2001 101 11 49    2.14  1.25
2001 101 11 50    2.48  1.17
2001 101 11 51    2.35  1.02
2001 101 11 52    1.51  1.05
2001 101 11 53    0.71  0.90
2001 101 11 54    3.17  0.88
2001 101 11 55    2.36  0.96
2001 101 11 56    0.28  1.23
2001 101 11 57    0.56 99.99
2001 101 11 58    1.22  0.98
2001 101 11 59    0.92  0.89
2001 101 12  0    1.09  0.86
2001 101 12  1 9999.99  0.98
2001 101 12  2    0.57 99.99
2001 101 12  3    0.78  0.97
2001 101 12  4    0.43  0.90
2001 101 12  5    0.58  1.09
2001 101 12  6    0.14  0.93
2001 101 12  7    0.28  0.94
2001 101 12  8    0.38  1.02
2001 101 12  9    0.08  1.01
2001 101 12 10    0.40  0.94
2001 101 12 11    0.98  0.95
2001 101 12 12    0.17 99.99
2001 101 12 13   -0.80  1.00
2001 101 12 14   -1.24  0.87
2001 101 12 15   -1.20  0.80
2001 101 12 16   -0.35  0.91
2001 101 12 17   -0.06  1.01
2001 101 12 18    0.22  0.96
2001 101 12 19    0.24  1.04
2001 101 12 20   -0.40  1.01
2001 101 12 21   -1.15  1.02
2001 101 12 22   -0.96  0.94
2001 101 12 23   -1.44  1.04
2001 101 12 24   -1.40 99.99
2001 101 12 25   -0.79 99.99
2001 101 12 26   -0.74  0.96
2001 101 12 27   -1.11  0.94
2001 101 12 28   -0.89  0.91
2001 101 12 29    0.38  0.92
2001 101 12 30   -2.04  0.91
2001 101 12 31   -1.24  0.87
2001 101 12 32   -1.87  0.82
2001 101 12 33   -1.56  0.82
2001 101 12 34   -1.71  0.96
2001 101 12 35   -1.08  0.86
2001 101 12 36   -0.72  0.85
2001 101 12 37   -0.36 99.99
2001 101 12 38   -0.02 99.99
2001 101 12 39   -0.12 99.99
2001 101 12 40   -0.44  0.77
2001 101 12 41   -0.46  0.85
2001 101 12 42   -2.17  1.16
2001 101 12 43   -2.29  1.22
2001 101 12 44   -1.81  1.05
2001 101 12 45   -0.63  1.05
2001 101 12 46    0.15  1.00
2001 101 12 47   -2.74  1.05
2001 101 12 48   -2.28  1.02
2001 101 12 49   -1.96  1.04
2001 101 12 50   -2.17  1.16
2001 101 12 51   -2.53  1.08
2001 101 12 52   -2.26  1.10
2001 101 12 53   -2.37  1.21
2001 101 12 54   -2.67  1.13
2001 101 12 55   -2.57  1.12
2001 101 12 56   -2.96  1.22
2001 101 12 57   -2.02  1.03
2001 101 12 58   -2.61  1.21
2001 101 12 59   -4.57  1.30
2001 101 13  0   -4.26  1.35
2001 101 13  1   -3.65  1.35
2001 101 13  2   -4.05  1.35
2001 101 13  3   -2.98  1.35
2001 101 13  4   -2.19 99.99
2001 101 13  5   -2.19 99.99
2001 101 13  6   -1.53  1.18
2001 101 13  7   -1.45  1.18
2001 101 13  8   -1.70  1.34
2001 101 13  9   -1.99  1.14
2001 101 13 10   -2.34  1.04
2001 101 13 11   -1.36  1.04
2001 101 13 12   -0.71 99.99
2001 101 13 13   -0.91 99.99
2001 101 13 14   -1.05  1.08
2001 101 13 15   -0.93  1.08
2001 101 13 16   -1.89  1.10
2001 101 13 17   -1.41  1.06
2001 101 13 18   -1.90  0.98
2001 101 13 19   -2.13  1.10
2001 101 13 20   -1.82  1.10
2001 101 13 21   -0.83 99.99
2001 101 13 22   -1.30 99.99
2001 101 13 23   -1.31  1.31
2001 101 13 24   -1.74  1.33
2001 101 13 25   -0.55  1.37
2001 101 13 26   -0.52 99.99
2001 101 13 27   -1.58  1.19
2001 101 13 28   -0.85  1.28
2001 101 13 29   -1.25  1.26
2001 101 13 30   -1.16  1.23
2001 101 13 31   -1.01 99.99
2001 101 13 32   -1.24  1.13
2001 101 13 33   -1.98  1.56
2001 101 13 34   -2.13  4.97
2001 101 13 35   -1.58  4.77
2001 101 13 36   -0.42  1.69
2001 101 13 37   -1.54  1.22
2001 101 13 38   -2.03  1.28
2001 101 13 39   -0.85  1.53
2001 101 13 40   -0.85  2.16
2001 101 13 41   -0.52  3.02
2001 101 13 42   -0.67  1.54
2001 101 13 43   -1.27  1.60
2001 101 13 44   -0.83  2.14
2001 101 13 45    3.10  3.24
2001 101 13 46    0.92 99.99
2001 101 13 47    1.78  4.13
2001 101 13 48    6.11  4.13
2001 101 13 49    2.71  5.17
2001 101 13 50   -0.68  5.46
2001 101 13 51    1.79  4.24
2001 101 13 52    3.95 99.99
2001 101 13 53    2.74  4.77
2001 101 13 54    2.18  4.19
2001 101 13 55    4.58  4.36
2001 101 13 56 9999.99 99.99
2001 101 13 57    4.20  5.04
2001 101 13 58    3.85  5.04
2001 101 13 59    4.04 99.99
2001 101 14  0    3.14  5.52
2001 101 14  1    4.41  5.10
2001 101 14  2    6.95  4.75
2001 101 14  3    6.77  4.37
2001 101 14  4    3.61  4.17
2001 101 14  5    2.57  4.20
2001 101 14  6    1.89  4.39
2001 101 14  7    1.62  4.47
2001 101 14  8   -2.42  4.32
2001 101 14  9    0.94  4.92
2001 101 14 10    0.47  4.60
2001 101 14 11   -3.49  4.70
2001 101 14 12   -2.64  4.89
2001 101 14 13    1.59  5.30
2001 101 14 14    0.13  5.08
2001 101 14 15   -1.65  4.98
2001 101 14 16   -2.73 99.99
2001 101 14 17   -3.09 99.99
2001 101 14 18    0.63 99.99
2001 101 14 19   -4.50  4.90
2001 101 14 20   -5.01  5.56
2001 101 14 21   -5.50  5.68
2001 101 14 22    2.35  5.79
2001 101 14 23    4.24 99.99
2001 101 14 24    4.24 99.99
2001 101 14 25    4.05  6.08
2001 101 14 26    4.08  6.49
2001 101 14 27    2.90  6.22
2001 101 14 28    3.60  5.67
2001 101 14 29    2.28  5.42
2001 101 14 30    0.66  5.42
2001 101 14 31    2.32  5.74
2001 101 14 32    2.78  5.74
2001 101 14 33    2.54 99.99
2001 101 14 34    5.53  6.22
2001 101 14 35    3.07  6.19
2001 101 14 36    1.91  5.21
2001 101 14 37    1.66  5.30
2001 101 14 38    1.04 99.99
2001 101 14 39    0.14  5.85
2001 101 14 40   -2.56  5.69
2001 101 14 41   -0.70  6.02
2001 101 14 42   -2.10 99.99
2001 101 14 43    1.39  5.43
2001 101 14 44    2.10  6.19
2001 101 14 45    0.53  5.30
2001 101 14 46   -1.23  5.96
2001 101 14 47   -4.22  5.76
2001 101 14 48   -4.44  5.81
2001 101 14 49   -1.98  6.02
2001 101 14 50   -1.34  5.19
2001 101 14 51   -1.58  4.93
2001 101 14 52   -0.44  5.69
2001 101 14 53   -1.36  5.74
2001 101 14 54   -2.58  5.18
2001 101 14 55   -0.12  5.17
2001 101 14 56    0.18 99.99
2001 101 14 57    0.33  6.09
2001 101 14 58   -2.31  5.15
2001 101 14 59   -4.58  5.32
2001 101 15  0   -1.49  5.13
2001 101 15  1    0.38  4.76
2001 101 15  2   -1.88  4.86
2001 101 15  3   -2.11  5.06
2001 101 15  4   -0.19 99.99
2001 101 15  5    0.91  4.92
2001 101 15  6   -0.46  5.03
2001 101 15  7    0.70  5.78
2001 101 15  8   -0.65  5.57
2001 101 15  9   -0.05 99.99
2001 101 15 10   -0.32  5.86
2001 101 15 11    0.18  5.87
2001 101 15 12    0.25  6.33
2001 101 15 13   -0.17  6.34
2001 101 15 14   -0.77  5.82
2001 101 15 15   -2.64  5.79
2001 101 15 16   -4.21  6.08
2001 101 15 17   -4.27 99.99
2001 101 15 18   -3.85  5.52
2001 101 15 19   -4.56  5.52
2001 101 15 20   -4.27 99.99
2001 101 15 21   -4.77  6.34
2001 101 15 22   -8.04  6.72
2001 101 15 23  -10.15  6.44
2001 101 15 24  -12.82  6.44
2001 101 15 25  -12.95  8.02
2001 101 15 26  -10.50  7.80
2001 101 15 27  -11.58  7.79
2001 101 15 28  -10.55  8.09
2001 101 15 29  -10.33  8.09
2001 101 15 30  -10.24  7.92
2001 101 15 31   -9.76  7.85
2001 101 15 32   -8.26 99.99
2001 101 15 33   -6.75  9.00
2001 101 15 34   -6.70  9.00
2001 101 15 35   -6.09  9.15
2001 101 15 36   -6.96  8.37
2001 101 15 37   -6.32  8.51
2001 101 15 38   -5.43  8.30
2001 101 15 39   -5.72  7.73
2001 101 15 40   -6.90 99.99
2001 101 15 41   -6.64  7.49
2001 101 15 42   -5.99  7.49
2001 101 15 43   -7.52  8.28
2001 101 15 44   -6.98  7.87
2001 101 15 45   -7.58  8.30
2001 101 15 46   -8.04  7.40
2001 101 15 47   -6.95  7.19
2001 101 15 48   -6.46  7.69
2001 101 15 49   -5.27  7.22
2001 101 15 50   -7.31  7.12
2001 101 15 51  -11.55  9.87
2001 101 15 52   -5.85  9.81
2001 101 15 53   -8.92 16.17
2001 101 15 54  -10.50 10.63
2001 101 15 55  -11.89  7.58
2001 101 15 56  -11.94 11.95
2001 101 15 57  -11.94 14.28
2001 101 15 58  -14.48 17.43
2001 101 15 59  -14.21  9.97
2001 101 16  0  -12.30 20.59
2001 101 16  1  -19.78 17.88
2001 101 16  2  -20.75 13.05
2001 101 16  3  -28.49 20.16
2001 101 16  4  -29.54 21.63
2001 101 16  5  -23.82 16.16
2001 101 16  6  -23.59 14.30
2001 101 16  7  -21.23 13.21
2001 101 16  8  -22.18 99.99
2001 101 16  9  -28.13 17.26
2001 101 16 10  -14.46 15.04
2001 101 16 11  -21.65 99.99
2001 101 16 12  -16.41 17.45
2001 101 16 13  -18.66 15.77
2001 101 16 14  -10.28 14.99
2001 101 16 15  -13.55 99.99
2001 101 16 16  -15.80 99.99
2001 101 16 17  -15.21 99.99
2001 101 16 18  -13.56 99.99
2001 101 16 19  -12.64 99.99
2001 101 16 20  -11.11 99.99
2001 101 16 21   -8.10 99.99
2001 101 16 22   -2.85 99.99
2001 101 16 23   -8.94 99.99
2001 101 16 24   -9.47 99.99
2001 101 16 25   -6.14 99.99
2001 101 16 26   -4.91 99.99
2001 101 16 27   -0.81 23.34
2001 101 16 28    4.19 23.34
2001 101 16 29    2.50 21.92
2001 101 16 30    0.76 21.93
2001 101 16 31    0.89 28.15
2001 101 16 32    4.93 27.71
2001 101 16 33    4.42 23.33
2001 101 16 34    7.16 22.50
2001 101 16 35    9.82 22.50
2001 101 16 36    5.01 20.91
2001 101 16 37    0.04 20.91
2001 101 16 38   -0.45 22.67
2001 101 16 39   -4.96 22.15
2001 101 16 40   -7.80 22.14
2001 101 16 41   -8.77 99.99
2001 101 16 42   -8.64 99.99
2001 101 16 43   -8.64 99.99
2001 101 16 44   -9.36 21.13
2001 101 16 45   -6.53 21.13
2001 101 16 46   -1.27 99.99
2001 101 16 47   -1.27 99.99
2001 101 16 48    4.27 99.99
2001 101 16 49   -9.95 20.28
2001 101 16 50  -10.46 21.09
2001 101 16 51   -8.06 20.22
2001 101 16 52    1.26 25.72
2001 101 16 53   -9.33 24.03
2001 101 16 54   -7.58 24.30
2001 101 16 55   -8.02 25.20
2001 101 16 56   -8.39 23.24
2001 101 16 57  -11.34 19.89
2001 101 16 58  -12.84 20.99
2001 101 16 59  -13.30 20.99
2001 101 17  0  -13.30 99.99
2001 101 17  1  -20.15 21.40
2001 101 17  2  -18.59 21.40
2001 101 17  3  -15.33 18.55
2001 101 17  4  -14.99 18.55
2001 101 17  5  -15.17 99.99
2001 101 17  6  -15.30 20.53
2001 101 17  7  -18.02 20.53
2001 101 17  8  -18.79 18.49
2001 101 17  9  -18.73 18.49
2001 101 17 10  -18.80 99.99
2001 101 17 11  -18.24 99.99
2001 101 17 12  -18.38 99.99
2001 101 17 13  -18.31 16.03
2001 101 17 14  -16.59 17.69
2001 101 17 15  -15.76 19.35
2001 101 17 16  -13.60 18.89
2001 101 17 17  -10.27 16.61
2001 101 17 18  -10.69 16.49
2001 101 17 19    4.80 20.49
2001 101 17 20   14.56 23.22
2001 101 17 21   16.27 19.38
2001 101 17 22   16.90 20.72
2001 101 17 23   18.54 20.52
2001 101 17 24   18.18 19.61
2001 101 17 25   15.98 99.99
2001 101 17 26   12.51 18.97
2001 101 17 27   -8.67 19.11
2001 101 17 28    0.56 18.97
2001 101 17 29    3.09 22.68
2001 101 17 30   -7.92 20.01
2001 101 17 31   -8.12 19.51
2001 101 17 32  -13.99 20.35
2001 101 17 33  -12.03 17.42
2001 101 17 34  -11.40 16.95
2001 101 17 35   -9.14 17.50
2001 101 17 36  -12.74 18.22
2001 101 17 37  -15.11 18.29
2001 101 17 38  -18.66 19.51
2001 101 17 39  -18.96 17.68
2001 101 17 40  -16.20 17.75
2001 101 17 41  -15.33 18.74
2001 101 17 42  -15.73 99.99
2001 101 17 43  -14.17 16.77
2001 101 17 44  -13.02 20.54
2001 101 17 45  -15.16 18.83
2001 101 17 46   -6.82 19.52
2001 101 17 47   -0.14 17.59
2001 101 17 48   -2.25 17.30
2001 101 17 49   -1.77 19.29
2001 101 17 50   -7.19 19.29
2001 101 17 51    4.96 99.99
2001 101 17 52    2.54 99.99
2001 101 17 53   -0.58 18.79
2001 101 17 54    0.11 18.79
2001 101 17 55    4.35 19.47
2001 101 17 56    6.19 19.47
2001 101 17 57    7.83 99.99
2001 101 17 58   -7.70 16.80
2001 101 17 59  -12.02 18.24
2001 101 18  0  -14.07 17.99
2001 101 18  1   -6.53 17.99
2001 101 18  2    1.58 18.14
2001 101 18  3   -3.72 18.14
2001 101 18  4   -6.18 17.95
2001 101 18  5  -11.99 18.01
2001 101 18  6   -9.01 18.01
2001 101 18  7  -11.72 18.01
2001 101 18  8  -10.04 17.99
2001 101 18  9  -10.68 17.99
2001 101 18 10  -11.99 99.99
2001 101 18 11  -12.39 17.19
2001 101 18 12   -9.50 17.19
2001 101 18 13   -6.13 99.99
2001 101 18 14   -9.86 99.99
2001 101 18 15   -8.62 18.09
2001 101 18 16   -6.07 18.02
2001 101 18 17    0.76 99.99
2001 101 18 18    3.03 99.99
2001 101 18 19   -3.15 22.99
2001 101 18 20    3.99 25.43
2001 101 18 21    8.13 24.90
2001 101 18 22   -3.30 21.04
2001 101 18 23  -13.75 30.44
2001 101 18 24  -15.79 30.44
2001 101 18 25  -16.22 26.66
2001 101 18 26  -19.40 26.66
2001 101 18 27  -19.54 26.75
2001 101 18 28  -21.20 26.91
2001 101 18 29  -22.03 27.41
2001 101 18 30  -21.14 30.58
2001 101 18 31  -18.39 27.40
2001 101 18 32  -18.19 25.92
2001 101 18 33  -21.75 25.92
2001 101 18 34  -18.82 25.79
2001 101 18 35  -13.88 26.09
2001 101 18 36  -20.28 30.07
2001 101 18 37  -22.53 30.70
2001 101 18 38  -16.92 30.70
2001 101 18 39   18.18 24.50
2001 101 18 40   22.73 23.98
2001 101 18 41   17.41 23.44
2001 101 18 42   18.38 99.99
2001 101 18 43   18.42 21.42
2001 101 18 44   18.48 21.53
2001 101 18 45   17.88 25.47
2001 101 18 46   16.54 25.15
2001 101 18 47   14.82 23.18
2001 101 18 48   22.43 22.33
2001 101 18 49   22.44 21.81
2001 101 18 50   19.52 21.65
2001 101 18 51   20.84 21.65
2001 101 18 52   16.30 20.56
2001 101 18 53   14.03 20.69
2001 101 18 54   13.35 21.35
2001 101 18 55    7.52 20.96
2001 101 18 56    8.08 19.71
2001 101 18 57    7.43 20.65
2001 101 18 58   11.45 23.20
2001 101 18 59   15.35 23.20
2001 101 19  0    8.86 19.77
2001 101 19  1   15.63 20.91
2001 101 19  2   16.92 21.63
2001 101 19  3   13.48 19.06
2001 101 19  4   12.98 99.99
2001 101 19  5   12.98 99.99
2001 101 19  6   20.28 21.47
2001 101 19  7   21.62 23.58
2001 101 19  8   19.13 24.10
2001 101 19  9   17.97 23.91
2001 101 19 10   18.12 22.12
2001 101 19 11   17.76 22.30
2001 101 19 12   16.25 22.88
2001 101 19 13   14.65 20.74
2001 101 19 14   10.19 20.74
2001 101 19 15    9.10 20.80
2001 101 19 16   14.53 23.25
2001 101 19 17    2.88 28.67
2001 101 19 18   -4.59 26.92
2001 101 19 19   -6.88 27.81
2001 101 19 20  -10.81 28.48
2001 101 19 21   -6.95 28.86
2001 101 19 22  -13.13 26.02
2001 101 19 23  -10.91 26.32
2001 101 19 24   -9.60 28.17
2001 101 19 25  -10.43 29.62
2001 101 19 26  -14.17 30.62
2001 101 19 27  -13.28 30.82
2001 101 19 28  -13.77 30.95
2001 101 19 29   -2.88 23.91
2001 101 19 30    2.87 23.91
2001 101 19 31    6.05 27.70
2001 101 19 32    1.16 25.51
2001 101 19 33    1.24 24.76
2001 101 19 34   -2.07 25.78
2001 101 19 35    1.70 28.41
2001 101 19 36    3.37 28.72
2001 101 19 37    4.34 28.78
2001 101 19 38    6.01 28.88
2001 101 19 39   -5.27 28.90
2001 101 19 40   -2.89 27.56
2001 101 19 41   -1.19 24.99
2001 101 19 42    5.24 28.77
2001 101 19 43    1.04 29.49
2001 101 19 44    6.98 28.39
2001 101 19 45   -1.66 27.63
2001 101 19 46  -10.56 27.46
2001 101 19 47  -14.02 27.48
2001 101 19 48  -13.51 21.56
2001 101 19 49   -6.34 21.72
2001 101 19 50    5.64 22.10
2001 101 19 51   -0.28 24.84
2001 101 19 52    6.06 23.07
2001 101 19 53    6.67 21.87
2001 101 19 54   11.77 21.82
2001 101 19 55   13.74 17.69
2001 101 19 56   13.50 17.60
2001 101 19 57   16.86 20.81
2001 101 19 58   22.53 21.34
2001 101 19 59   18.22 23.89
2001 101 20  0   25.17 25.76
2001 101 20  1   27.32 26.44
2001 101 20  2   27.42 26.85
2001 101 20  3   25.47 24.94
2001 101 20  4   27.93 24.40
2001 101 20  5   28.13 24.25
2001 101 20  6   25.42 25.44
2001 101 20  7   23.92 25.31
2001 101 20  8   26.38 22.29
2001 101 20  9   25.78 24.50
2001 101 20 10   25.90 25.80
2001 101 20 11   27.36 23.52
2001 101 20 12   26.03 22.36
2001 101 20 13   25.26 21.80
2001 101 20 14   22.11 99.99
2001 101 20 15   12.16 28.05
2001 101 20 16   17.23 28.93
2001 101 20 17    6.84 27.67
2001 101 20 18    8.61 27.89
2001 101 20 19   10.29 27.55
2001 101 20 20   11.47 25.71
2001 101 20 21    8.47 24.39
2001 101 20 22    6.35 23.84
2001 101 20 23    4.37 23.56
2001 101 20 24    4.37 23.56
2001 101 20 25    5.54 27.23
2001 101 20 26    4.05 23.83
2001 101 20 27   -0.14 22.71
2001 101 20 28   -0.73 22.07
2001 101 20 29   -1.04 22.94
2001 101 20 30   -0.73 21.94
2001 101 20 31   -0.32 20.53
2001 101 20 32   -0.49 20.95
2001 101 20 33   -0.82 23.10
2001 101 20 34   -4.81 23.50
2001 101 20 35   -7.34 21.54
2001 101 20 36   -7.85 22.15
2001 101 20 37   -7.60 99.99
2001 101 20 38  -10.21 24.60
2001 101 20 39   -9.77 24.70
2001 101 20 40  -12.05 24.12
2001 101 20 41  -11.08 23.75
2001 101 20 42  -12.04 23.30
2001 101 20 43  -11.27 23.77
2001 101 20 44   -8.75 24.16
2001 101 20 45  -10.81 24.82
2001 101 20 46  -14.08 24.83
2001 101 20 47  -18.39 20.99
2001 101 20 48  -23.06 24.00
2001 101 20 49  -22.19 25.25
2001 101 20 50  -22.01 24.76
2001 101 20 51  -22.10 23.36
2001 101 20 52  -21.95 22.56
2001 101 20 53  -19.49 25.71
2001 101 20 54  -21.36 22.27
2001 101 20 55  -20.93 22.27
2001 101 20 56  -21.20 25.98
2001 101 20 57  -21.39 24.77
2001 101 20 58  -21.68 24.45
2001 101 20 59  -22.01 22.07
2001 101 21  0  -20.11 22.33
2001 101 21  1  -20.41 22.47
2001 101 21  2  -22.62 24.71
2001 101 21  3  -17.89 22.41
2001 101 21  4  -19.84 23.86
2001 101 21  5  -19.32 24.93
2001 101 21  6  -20.40 22.24
2001 101 21  7  -21.37 21.82
2001 101 21  8  -24.08 21.62
2001 101 21  9  -26.19 21.19
2001 101 21 10  -21.12 22.21
2001 101 21 11  -19.51 25.14
2001 101 21 12  -17.38 23.18
2001 101 21 13  -19.02 21.88
2001 101 21 14  -18.68 23.26
2001 101 21 15  -18.82 23.77
2001 101 21 16  -22.48 23.43
2001 101 21 17  -23.62 22.25
2001 101 21 18  -25.85 20.79
2001 101 21 19  -24.97 22.54
2001 101 21 20  -24.75 21.92
2001 101 21 21  -19.19 22.94
2001 101 21 22  -17.55 23.92
2001 101 21 23  -15.46 19.46
2001 101 21 24  -11.90 19.46
2001 101 21 25  -15.43 23.05
2001 101 21 26  -19.57 20.26
2001 101 21 27  -18.39 20.07
2001 101 21 28  -19.22 18.75
2001 101 21 29  -18.96 18.75
2001 101 21 30  -18.34 18.85
2001 101 21 31  -17.35 19.65
2001 101 21 32  -17.75 20.32
2001 101 21 33  -15.99 20.22
2001 101 21 34  -17.70 18.20
2001 101 21 35  -17.56 20.66
2001 101 21 36  -17.14 18.93
2001 101 21 37  -15.95 18.80
2001 101 21 38   -9.77 16.45
2001 101 21 39   -9.37 16.31
2001 101 21 40  -16.97 19.45
2001 101 21 41  -18.69 19.50
2001 101 21 42  -19.24 21.79
2001 101 21 43  -15.16 23.04
2001 101 21 44  -15.12 23.59
2001 101 21 45  -14.67 22.11
2001 101 21 46  -16.61 22.62
2001 101 21 47  -16.93 24.45
2001 101 21 48  -14.52 24.38
2001 101 21 49  -11.84 23.70
2001 101 21 50  -10.09 24.15
2001 101 21 51  -10.89 21.76
2001 101 21 52  -10.92 18.09
2001 101 21 53  -14.00 17.10
2001 101 21 54  -15.38 17.11
2001 101 21 55  -14.21 17.29
2001 101 21 56  -17.08 17.34
2001 101 21 57  -16.84 16.03
2001 101 21 58  -17.02 15.67
2001 101 21 59  -20.78 14.09
2001 101 22  0  -21.62 14.49
2001 101 22  1  -21.91 99.99
2001 101 22  2  -22.39 99.99
2001 101 22  3  -21.00 13.97
2001 101 22  4  -20.15 15.13
2001 101 22  5  -20.49 16.57
2001 101 22  6  -18.07 15.51
2001 101 22  7  -19.41 17.58
2001 101 22  8  -19.61 16.05
2001 101 22  9  -17.66 16.23
2001 101 22 10  -16.25 15.77
2001 101 22 11  -14.52 16.32
2001 101 22 12  -14.06 16.14
2001 101 22 13  -11.20 15.28
2001 101 22 14  -12.05 17.42
2001 101 22 15  -11.23 17.96
2001 101 22 16  -12.24 21.80
2001 101 22 17  -15.24 24.76
2001 101 22 18   -9.38 20.68
2001 101 22 19   -9.69 20.85
2001 101 22 20  -10.64 21.81
2001 101 22 21   -6.89 22.68
2001 101 22 22   -2.26 22.59
2001 101 22 23    0.50 21.43
2001 101 22 24    1.94 25.03
2001 101 22 25    5.09 25.09
2001 101 22 26    5.48 26.10
2001 101 22 27    7.54 27.42
2001 101 22 28    9.60 28.20
2001 101 22 29   14.51 26.17
2001 101 22 30   18.94 25.67
2001 101 22 31   26.02 22.01
2001 101 22 32   25.34 24.09
2001 101 22 33   23.87 23.43
2001 101 22 34   23.53 99.99
2001 101 22 35   22.78 26.29
2001 101 22 36   20.42 26.00
2001 101 22 37   20.49 24.94
2001 101 22 38   21.67 24.83
2001 101 22 39   21.78 25.34
2001 101 22 40   26.68 22.10
2001 101 22 41   25.00 22.35
2001 101 22 42   21.52 24.54
2001 101 22 43    4.49 32.98
2001 101 22 44   -0.60 36.89
2001 101 22 45   -2.92 34.67
2001 101 22 46   -8.11 34.10
2001 101 22 47  -26.11 99.99
2001 101 22 48  -27.27 20.20
2001 101 22 49  -26.32 18.81
2001 101 22 50  -23.40 19.41
2001 101 22 51  -18.92 25.95
2001 101 22 52  -22.64 25.95
2001 101 22 53  -22.74 19.91
2001 101 22 54  -21.90 18.04
2001 101 22 55  -24.09 16.02
2001 101 22 56  -20.87 14.21
2001 101 22 57  -19.20 14.65
2001 101 22 58  -25.55 17.63
2001 101 22 59  -22.08 17.57
2001 101 23  0  -17.62 16.52
2001 101 23  1  -19.74 17.49
2001 101 23  2  -18.34 12.69
2001 101 23  3  -18.08 11.71
2001 101 23  4  -17.63 11.84
2001 101 23  5  -17.48 11.90
2001 101 23  6  -15.22 11.26
2001 101 23  7  -15.70 14.36
2001 101 23  8  -14.14 99.99
2001 101 23  9  -13.19 15.26
2001 101 23 10  -12.63 14.35
2001 101 23 11  -12.03 13.21
2001 101 23 12  -11.24 13.05
2001 101 23 13  -11.34 13.05
2001 101 23 14  -12.56 14.02
2001 101 23 15  -11.10 12.48
2001 101 23 16  -11.47 12.99
2001 101 23 17  -10.29 11.57
2001 101 23 18  -10.41 11.38
2001 101 23 19   -9.18  9.90
2001 101 23 20   -9.14  9.40
2001 101 23 21   -9.21  9.39
2001 101 23 22  -10.14  9.55
2001 101 23 23   -9.45  9.98
2001 101 23 24   -7.74  9.71
2001 101 23 25   -8.22  9.79
2001 101 23 26   -2.32  9.39
2001 101 23 27   -3.09  9.88
2001 101 23 28   -4.44 11.15
2001 101 23 29   -3.61  9.24
2001 101 23 30   -0.54  4.30
2001 101 23 31    5.02  4.79
2001 101 23 32    2.55  4.98
2001 101 23 33    3.21  5.25
2001 101 23 34    3.62  3.78
2001 101 23 35    4.08  3.78
2001 101 23 36    4.96  3.76
2001 101 23 37    4.39  4.41
2001 101 23 38    2.70  3.50
2001 101 23 39    3.08  3.99
2001 101 23 40    1.90  3.99
2001 101 23 41    2.11  3.53
2001 101 23 42    2.68  3.53
2001 101 23 43    2.85  3.59
2001 101 23 44    3.58  3.49
2001 101 23 45    4.05  3.37
2001 101 23 46    4.23  3.11
2001 101 23 47    4.91  3.12
2001 101 23 48    5.19  3.24
2001 101 23 49    5.26  3.33
2001 101 23 50    5.52  3.46
2001 101 23 51    5.57  3.51
2001 101 23 52    6.69  3.54
2001 101 23 53    8.55  3.76
2001 101 23 54    5.54  2.43
2001 101 23 55    6.67  1.99
2001 101 23 56    7.76  1.76
2001 101 23 57    9.10  1.59
2001 101 23 58    9.75  1.51
2001 101 23 59    8.96 99.99
2001 102  0  0    7.51  2.64
2001 102  0  1    8.94  1.81
2001 102  0  2    8.41  1.54
2001 102  0  3    7.73  1.39
2001 102  0  4    7.30  1.37
2001 102  0  5    7.12  1.39
2001 102  0  6    6.72  1.93
2001 102  0  7    6.91  2.03
2001 102  0  8    6.69  1.48
2001 102  0  9    6.60  1.38
2001 102  0 10    6.93  1.38
2001 102  0 11    6.78  1.30
2001 102  0 12    6.66  1.33
2001 102  0 13    6.48  1.38
2001 102  0 14    5.79  1.21
2001 102  0 15    5.63  1.21
2001 102  0 16    6.48  1.29
2001 102  0 17    6.30  1.21
2001 102  0 18    6.45  1.21
2001 102  0 19    7.40 99.99
2001 102  0 20    7.18 99.99
2001 102  0 21    7.57  1.45
2001 102  0 22    7.75  1.29
2001 102  0 23    7.29  1.35
2001 102  0 24    6.84  1.25
2001 102  0 25    6.97  1.12
2001 102  0 26    6.91  1.16
2001 102  0 27    7.42  1.16
2001 102  0 28    7.46 99.99
2001 102  0 29    6.96  1.68
2001 102  0 30    7.97  1.69
2001 102  0 31    8.34  1.71
2001 102  0 32    8.86  1.97
2001 102  0 33    7.93  2.36
2001 102  0 34    9.17  2.23
2001 102  0 35    6.85  2.11
2001 102  0 36    6.47  2.29
2001 102  0 37    7.53  2.34
2001 102  0 38    8.80  2.39
2001 102  0 39    7.58  2.30
2001 102  0 40    8.56  2.68
2001 102  0 41    6.13  2.56
2001 102  0 42    5.44  2.67
2001 102  0 43    6.49  2.94
2001 102  0 44    6.25  3.12
2001 102  0 45    5.76 99.99
2001 102  0 46    6.89  5.06
2001 102  0 47    8.21  4.10
2001 102  0 48    7.50  3.89
2001 102  0 49    7.52  4.21
2001 102  0 50    8.33  3.90
2001 102  0 51    8.36  4.01
2001 102  0 52    8.57  4.11
2001 102  0 53    8.88  4.00
2001 102  0 54    9.57  4.25
2001 102  0 55    9.20  4.19
2001 102  0 56    8.53  5.30
2001 102  0 57    8.88  5.14
2001 102  0 58    9.44  5.07
2001 102  0 59   10.98  5.10
2001 102  1  0    8.55  5.11
2001 102  1  1    1.23  4.72
2001 102  1  2    2.67  3.82
2001 102  1  3    6.60  2.57
2001 102  1  4    8.84  2.83
2001 102  1  5    9.70  3.01
2001 102  1  6    9.07  2.77
2001 102  1  7    8.81  2.79
2001 102  1  8    8.75  2.75
2001 102  1  9    8.17  2.83
2001 102  1 10    7.45  2.93
2001 102  1 11    7.19  3.04
2001 102  1 12    5.92  2.84
2001 102  1 13    6.59  3.33
2001 102  1 14    6.01  3.62
2001 102  1 15    8.69  3.68
2001 102  1 16    8.44  3.75
2001 102  1 17    6.97  4.41
2001 102  1 18    6.90  4.66
2001 102  1 19    7.42  4.11
2001 102  1 20    7.04  3.95
2001 102  1 21    6.23  3.82
2001 102  1 22    6.11 99.99
2001 102  1 23    6.02  3.92
2001 102  1 24    6.15  3.92
2001 102  1 25    6.52  3.96
2001 102  1 26    7.35  3.96
2001 102  1 27    7.03  4.06
2001 102  1 28    6.64  4.06
2001 102  1 29    6.30  4.25
2001 102  1 30    6.48  4.25
2001 102  1 31    6.33  4.01
2001 102  1 32    5.92  4.01
2001 102  1 33    6.34  4.26
2001 102  1 34    6.30  4.26
2001 102  1 35    6.10  3.83
2001 102  1 36    5.90  3.91
2001 102  1 37    6.11  3.92
2001 102  1 38    6.07  3.67
2001 102  1 39    5.84  3.63
2001 102  1 40    5.36  3.64
2001 102  1 41    5.18  3.56
2001 102  1 42    5.08  3.66
2001 102  1 43    5.10  3.62
2001 102  1 44    5.32  3.62
2001 102  1 45    5.36  3.59
2001 102  1 46    6.08  3.47
2001 102  1 47    5.54  3.54
2001 102  1 48    5.20  3.59
2001 102  1 49    4.82  3.08
2001 102  1 50    4.50  2.72
2001 102  1 51    4.19  2.57
2001 102  1 52    4.27  2.76
2001 102  1 53    4.20  2.87
2001 102  1 54    4.06  2.64
2001 102  1 55    4.24  2.55
2001 102  1 56    4.29  2.54
2001 102  1 57    3.14  2.89
2001 102  1 58    3.02  2.81
2001 102  1 59    2.98  2.78
2001 102  2  0    2.55  2.73
2001 102  2  1    2.94  2.76
2001 102  2  2    3.72  2.88
2001 102  2  3    3.89  3.19
2001 102  2  4    4.64  3.28
2001 102  2  5    4.21  3.45
2001 102  2  6    3.25  3.16
2001 102  2  7    3.23  3.36
2001 102  2  8    3.11  4.28
2001 102  2  9    3.23  4.18
2001 102  2 10    3.94  4.32
2001 102  2 11    3.54  4.20
2001 102  2 12    3.35  4.15
2001 102  2 13    2.26  3.98
2001 102  2 14    3.69  4.10
2001 102  2 15    4.23  3.67
2001 102  2 16    4.60  3.67
2001 102  2 17    4.27  3.45
2001 102  2 18    4.78  3.62
2001 102  2 19    4.44  3.55
2001 102  2 20    5.05  3.26
2001 102  2 21    5.54  4.13
2001 102  2 22    6.09  4.93
2001 102  2 23    6.39  3.78
2001 102  2 24    6.62  3.74
2001 102  2 25    5.75  3.80
2001 102  2 26    6.35  2.97
2001 102  2 27    6.07  3.10
2001 102  2 28    6.50  3.85
2001 102  2 29    6.26  3.78
2001 102  2 30    5.87  3.48
2001 102  2 31    4.73  3.32
2001 102  2 32    4.27  3.45
2001 102  2 33    5.63  3.73
2001 102  2 34    6.00  3.63
2001 102  2 35    6.70  3.78
2001 102  2 36    6.04  3.46
2001 102  2 37    1.83  3.69
2001 102  2 38    0.98  4.51
2001 102  2 39   -0.19  4.08
2001 102  2 40   -1.49  4.01
2001 102  2 41   -2.23  4.15
2001 102  2 42   -0.16  4.32
2001 102  2 43    0.18  4.43
2001 102  2 44   -0.82  4.33
2001 102  2 45   -0.67  4.24
2001 102  2 46   -0.49  4.40
2001 102  2 47   -0.48  4.73
2001 102  2 48   -1.19  4.88
2001 102  2 49   -1.37  4.88
2001 102  2 50   -2.26  4.88
2001 102  2 51   -2.37  4.89
2001 102  2 52   -1.63  4.47
2001 102  2 53   -1.17  5.32
2001 102  2 54   -2.22  5.03
2001 102  2 55   -3.11  4.86
2001 102  2 56   -4.02  4.92
2001 102  2 57   -3.16  5.07
2001 102  2 58   -0.57  4.47
2001 102  2 59   -0.75  4.91
2001 102  3  0   -3.02  5.19
2001 102  3  1   -3.79  5.50
2001 102  3  2    3.38  5.53
2001 102  3  3    5.49  2.68
2001 102  3  4    5.12  2.67
2001 102  3  5    5.96  2.69
2001 102  3  6    5.39  2.80
2001 102  3  7    4.91  3.18
2001 102  3  8    4.99  3.21
2001 102  3  9    4.32  3.03
2001 102  3 10    3.61  3.02
2001 102  3 11    3.04  3.22
2001 102  3 12    2.08  3.23
2001 102  3 13    1.76  3.21
2001 102  3 14    1.31  2.91
2001 102  3 15    2.02  2.94
2001 102  3 16    2.52  3.10
2001 102  3 17    1.59  3.00
2001 102  3 18    2.08  2.76
2001 102  3 19    2.69  2.90
2001 102  3 20    2.37  2.90
2001 102  3 21    2.45  2.62
2001 102  3 22    1.78  2.85
2001 102  3 23    2.39  2.91
2001 102  3 24    1.79  2.94
2001 102  3 25    1.20  2.80
2001 102  3 26    3.28  2.81
2001 102  3 27    1.64  2.52
2001 102  3 28    2.34  2.58
2001 102  3 29    3.31  3.09
2001 102  3 30    3.75  3.13
2001 102  3 31    2.67  2.66
2001 102  3 32    4.49  3.03
2001 102  3 33    3.09  3.41
2001 102  3 34    3.67  2.95
2001 102  3 35    3.49  2.94
2001 102  3 36    2.42  2.94
2001 102  3 37    5.11  2.97
2001 102  3 38    5.18  2.88
2001 102  3 39    5.08  2.82
2001 102  3 40    3.68  3.12
2001 102  3 41    0.46  3.08
2001 102  3 42    0.04  2.84
2001 102  3 43    1.81  2.95
2001 102  3 44    2.07  2.73
2001 102  3 45    0.96  3.33
2001 102  3 46    1.65  3.14
2001 102  3 47    1.59  3.06
2001 102  3 48    1.60  3.19
2001 102  3 49    1.64  3.19
2001 102  3 50    1.54  3.00
2001 102  3 51    1.48  3.00
2001 102  3 52    1.43 99.99
2001 102  3 53    1.15  3.22
2001 102  3 54    1.16  3.06
2001 102  3 55    0.82  2.99
2001 102  3 56    0.56  2.88
2001 102  3 57    0.27  3.06
2001 102  3 58    0.05  2.99
2001 102  3 59   -0.61  2.84
2001 102  4  0   -0.36  2.66
2001 102  4  1   -0.58 99.99
2001 102  4  2   -0.88  2.64
2001 102  4  3   -1.00  2.64
2001 102  4  4   -1.32 99.99
2001 102  4  5   -1.37  2.91
2001 102  4  6   -2.01  2.91
2001 102  4  7   -1.93  2.98
2001 102  4  8   -2.34  3.34
2001 102  4  9   -3.85  2.58
2001 102  4 10   -3.16  2.36
2001 102  4 11   -1.16  2.68
2001 102  4 12   -2.67  2.64
2001 102  4 13    6.40  2.62
2001 102  4 14    6.17  2.48
2001 102  4 15    9.15  2.31
2001 102  4 16    8.55  2.15
2001 102  4 17    7.53  2.05
2001 102  4 18    9.17  2.11
2001 102  4 19    9.05  2.19
2001 102  4 20    6.26  2.32
2001 102  4 21    4.74  2.41
2001 102  4 22    6.41  2.87
2001 102  4 23    9.76  2.87
2001 102  4 24   10.33  2.93
2001 102  4 25   10.88  2.93
2001 102  4 26   10.21  3.34
2001 102  4 27    8.93  3.34
2001 102  4 28    8.04 99.99
2001 102  4 29    8.66  3.34
2001 102  4 30    9.50  3.34
2001 102  4 31    8.23 99.99
2001 102  4 32    5.60 99.99
2001 102  4 33    2.81  3.29
2001 102  4 34    7.05  3.29
2001 102  4 35    8.90  3.86
2001 102  4 36    9.32  3.86
2001 102  4 37    1.52  4.91
2001 102  4 38    1.81  5.10
2001 102  4 39    5.99  4.77
2001 102  4 40    5.84  5.01
2001 102  4 41    5.53  5.04
2001 102  4 42    6.65  4.34
2001 102  4 43    4.97  4.48
2001 102  4 44    5.72  4.58
2001 102  4 45    6.10  5.24
2001 102  4 46    6.07  4.01
2001 102  4 47    7.87  3.75
2001 102  4 48    7.08  3.78
2001 102  4 49    6.16  4.20
2001 102  4 50    9.45  4.25
2001 102  4 51    8.72  4.37
2001 102  4 52    6.80  4.82
2001 102  4 53    8.51  5.03
2001 102  4 54    7.73  4.87
2001 102  4 55    7.44  4.75
2001 102  4 56    6.63  4.95
2001 102  4 57    6.28  4.60
2001 102  4 58    7.01  4.55
2001 102  4 59    6.99  4.64
2001 102  5  0    5.78  4.53
2001 102  5  1    4.53  4.02
2001 102  5  2    5.21  4.88
2001 102  5  3    5.17  4.66
2001 102  5  4    5.61  4.76
2001 102  5  5    6.08  4.17
2001 102  5  6    8.18  4.35
2001 102  5  7    6.98  4.94
2001 102  5  8    6.66  5.12
2001 102  5  9    2.01  5.14
2001 102  5 10    1.68 99.99
2001 102  5 11    2.03 99.99
2001 102  5 12    2.28  3.91
2001 102  5 13    3.07  3.86
2001 102  5 14    2.64  4.12
2001 102  5 15    1.48  3.91
2001 102  5 16    2.57  3.93
2001 102  5 17    2.96  3.95
2001 102  5 18    2.29  4.17
2001 102  5 19    3.18  4.01
2001 102  5 20    3.57  4.51
2001 102  5 21    3.30  4.03
2001 102  5 22    4.02  3.87
2001 102  5 23    4.08  3.83
2001 102  5 24    3.61  4.39
2001 102  5 25    3.25  4.63
2001 102  5 26    3.03  4.18
2001 102  5 27    2.60  4.39
2001 102  5 28    3.74  3.94
2001 102  5 29    3.79  4.03
2001 102  5 30    2.98  3.94
2001 102  5 31    3.32  3.69
2001 102  5 32    4.21  2.87
2001 102  5 33    4.47  2.96
2001 102  5 34    4.28  3.32
2001 102  5 35    4.26  2.77
2001 102  5 36    3.93  3.03
2001 102  5 37    4.92  2.49
2001 102  5 38    5.02 99.99
2001 102  5 39 9999.99 99.99
2001 102  5 40 9999.99 99.99
2001 102  5 41 9999.99 99.99
2001 102  5 42 9999.99 99.99
2001 102  5 43 9999.99 99.99
2001 102  5 44 9999.99 99.99
2001 102  5 45 9999.99 99.99
2001 102  5 46 9999.99 99.99
2001 102  5 47 9999.99 99.99
2001 102  5 48 9999.99 99.99
2001 102  5 49 9999.99 99.99
2001 102  5 50 9999.99 99.99
2001 102  5 51 9999.99 99.99
2001 102  5 52 9999.99 99.99
2001 102  5 53 9999.99 99.99
2001 102  5 54 9999.99 99.99
2001 102  5 55 9999.99 99.99
2001 102  5 56 9999.99 99.99
2001 102  5 57 9999.99 99.99
2001 102  5 58 9999.99 99.99
2001 102  5 59 9999.99 99.99
2001 102  6  0 9999.99 99.99
2001 102  6  1 9999.99 99.99
2001 102  6  2 9999.99 99.99
2001 102  6  3 9999.99 99.99
2001 102  6  4 9999.99 99.99
2001 102  6  5 9999.99 99.99
2001 102  6  6 9999.99 99.99
2001 102  6  7 9999.99 99.99
2001 102  6  8 9999.99 99.99
2001 102  6  9 9999.99 99.99
2001 102  6 10 9999.99 99.99
2001 102  6 11 9999.99 99.99
2001 102  6 12 9999.99 99.99
2001 102  6 13 9999.99 99.99
2001 102  6 14   -0.09  1.86
2001 102  6 15   -1.26  2.51
2001 102  6 16    3.98  2.75
2001 102  6 17    1.51  2.63
2001 102  6 18   -0.69  1.86
2001 102  6 19    1.28  1.85
2001 102  6 20    3.56  2.37
2001 102  6 21    4.16  2.38
2001 102  6 22    3.37  2.42
2001 102  6 23    2.56  2.44
2001 102  6 24 9999.99  2.49
2001 102  6 25    1.13 99.99
2001 102  6 26 9999.99 99.99
2001 102  6 27    2.56  1.96
2001 102  6 28    3.13  2.19
2001 102  6 29    2.75  2.67
2001 102  6 30    1.98  2.48
2001 102  6 31    1.61  2.55
2001 102  6 32    2.74  2.45
2001 102  6 33    3.28  2.30
2001 102  6 34    2.37  2.14
2001 102  6 35    1.67  2.24
2001 102  6 36   -0.31  2.49
2001 102  6 37   -0.86  2.16
2001 102  6 38    0.01  2.20
2001 102  6 39   -2.96  2.36
2001 102  6 40   -3.79  2.02
2001 102  6 41   -4.21  2.23
2001 102  6 42   -4.99  2.13
2001 102  6 43   -6.62  2.42
2001 102  6 44   -7.42  2.42
2001 102  6 45   -8.52 99.99
2001 102  6 46   -7.13 99.99
2001 102  6 47   -2.10 99.99
2001 102  6 48   -1.82  4.71
2001 102  6 49   -2.77  4.37
2001 102  6 50   -1.16  4.36
2001 102  6 51   -0.07  4.83
2001 102  6 52   -1.08  4.83
2001 102  6 53   -0.64  3.72
2001 102  6 54   -3.36  3.65
2001 102  6 55   -2.86  3.65
2001 102  6 56   -4.64  3.19
2001 102  6 57   -5.16  3.18
2001 102  6 58   -1.79  2.99
2001 102  6 59   -1.58  2.99
2001 102  7  0   -1.74  2.22
2001 102  7  1   -2.04  2.27
2001 102  7  2   -1.52  2.30
2001 102  7  3   -0.55  2.05
2001 102  7  4   -0.95  2.28
2001 102  7  5    0.44  2.46
2001 102  7  6   -0.87  2.40
2001 102  7  7   -1.79  2.52
2001 102  7  8   -1.54  2.59
2001 102  7  9   -1.35  2.59
2001 102  7 10   -1.63 99.99
2001 102  7 11   -1.50 99.99
2001 102  7 12   -1.96  2.55
2001 102  7 13   -1.59  2.55
2001 102  7 14   -2.04 99.99
2001 102  7 15   -2.83 99.99
2001 102  7 16   -1.51  2.18
2001 102  7 17   -0.38  2.18
2001 102  7 18    0.04  2.55
2001 102  7 19    0.49  2.55
2001 102  7 20   -0.04  2.71
2001 102  7 21   -0.29  2.71
2001 102  7 22   -0.59  2.52
2001 102  7 23   -0.68  2.52
2001 102  7 24   -0.60  2.79
2001 102  7 25   -0.25  2.79
2001 102  7 26   -0.82  2.54
2001 102  7 27    0.14  2.54
2001 102  7 28    0.50  2.47
2001 102  7 29    0.13  2.47
2001 102  7 30   -0.92 99.99
2001 102  7 31   -1.28  2.85
2001 102  7 32   -2.36  2.76
2001 102  7 33   -3.56  2.76
2001 102  7 34   -3.21  3.53
2001 102  7 35   -1.27  3.53
2001 102  7 36   -1.93  3.44
2001 102  7 37   -1.27  3.37
2001 102  7 38   -1.76  3.56
2001 102  7 39   -1.01  3.34
2001 102  7 40    0.33  2.28
2001 102  7 41    1.28  2.90
2001 102  7 42    2.93  3.02
2001 102  7 43    0.89  3.32
2001 102  7 44    2.28  2.57
2001 102  7 45    4.04  2.14
2001 102  7 46    4.89  1.76
2001 102  7 47    3.49  1.73
2001 102  7 48    4.98  1.62
2001 102  7 49    6.29  1.54
2001 102  7 50    5.18  1.52
2001 102  7 51    6.49  1.53
2001 102  7 52    6.77  1.27
2001 102  7 53    6.62  1.27
2001 102  7 54    5.73  0.98
2001 102  7 55    5.47  0.94
2001 102  7 56    5.02  0.94
2001 102  7 57    5.03  0.98
2001 102  7 58    5.51  0.95
2001 102  7 59    5.78  0.88
2001 102  8  0    5.62  0.88
2001 102  8  1    5.70  0.88
2001 102  8  2    5.46  0.83
2001 102  8  3    5.82  0.77
2001 102  8  4    6.13  0.82
2001 102  8  5    6.05  0.97
2001 102  8  6    5.95  0.87
2001 102  8  7    6.18  0.67
2001 102  8  8    6.03  0.83
2001 102  8  9    6.40  0.67
2001 102  8 10    6.48  0.61
2001 102  8 11    6.28  0.62
2001 102  8 12    6.66  0.61
2001 102  8 13    6.50  0.64
2001 102  8 14    6.33  0.52
2001 102  8 15    5.88  0.49
2001 102  8 16    6.18  0.68
2001 102  8 17    6.37  0.27
2001 102  8 18    6.57  0.40
2001 102  8 19    6.19  0.41
2001 102  8 20    7.06  0.42
2001 102  8 21    7.07  0.45
2001 102  8 22    6.86  0.37
2001 102  8 23    6.96  0.32
2001 102  8 24    7.10  0.30
2001 102  8 25    7.03  0.30
2001 102  8 26    6.35  0.26
2001 102  8 27    6.41  0.29
2001 102  8 28    6.36  0.33
2001 102  8 29    6.37  0.33
2001 102  8 30    6.21  0.40
2001 102  8 31    5.99  0.40
2001 102  8 32    5.88 99.99
2001 102  8 33    6.44  0.68
2001 102  8 34    8.28  0.77
2001 102  8 35    7.81 99.99
2001 102  8 36    7.50  0.83
2001 102  8 37    9.18  0.92
2001 102  8 38    9.69  1.00
2001 102  8 39    9.39  1.02
2001 102  8 40    8.43  0.97
2001 102  8 41    9.77  1.46
2001 102  8 42    8.00  1.55
2001 102  8 43    7.93  1.55
2001 102  8 44    5.70  3.05
2001 102  8 45    1.83  3.05
2001 102  8 46   -1.86  3.06
2001 102  8 47   -0.48  3.38
2001 102  8 48    1.58  3.24
2001 102  8 49    3.11  1.58
2001 102  8 50    2.33  1.81
2001 102  8 51    2.10  1.87
2001 102  8 52    2.77  2.06
2001 102  8 53    3.10  2.29
2001 102  8 54    0.37  1.72
2001 102  8 55    2.03  1.91
2001 102  8 56    4.46  1.49
2001 102  8 57    4.04  1.83
2001 102  8 58    6.42  1.28
2001 102  8 59    7.87  1.37
2001 102  9  0    8.19  1.33
2001 102  9  1    8.53  1.35
2001 102  9  2    8.91  1.52
2001 102  9  3    8.14  1.34
2001 102  9  4    6.90  0.92
2001 102  9  5    6.34  1.01
2001 102  9  6    6.08  1.05
2001 102  9  7    6.74  1.02
2001 102  9  8    7.96  0.81
2001 102  9  9    7.97 99.99
2001 102  9 10    8.05  0.73
2001 102  9 11    8.34  0.73
2001 102  9 12    8.53  1.24
2001 102  9 13    8.63  1.24
2001 102  9 14    8.51  1.05
2001 102  9 15    8.26  1.05
2001 102  9 16    8.19  1.54
2001 102  9 17    6.89  1.19
2001 102  9 18    6.48  1.14
2001 102  9 19    6.90  1.11
2001 102  9 20    8.54  1.14
2001 102  9 21    8.98  1.75
2001 102  9 22    8.72  1.74
2001 102  9 23    8.57  1.40
2001 102  9 24    8.45  1.43
2001 102  9 25    8.46  1.38
2001 102  9 26    8.58  1.44
2001 102  9 27    7.89  1.68
2001 102  9 28    7.21  1.26
2001 102  9 29    7.87  1.42
2001 102  9 30    8.53  1.27
2001 102  9 31    8.56  1.08
2001 102  9 32    8.54  1.20
2001 102  9 33    8.41  1.16
2001 102  9 34    8.24  1.12
2001 102  9 35    8.00  1.21
2001 102  9 36    8.05  1.07
2001 102  9 37    8.11  1.15
2001 102  9 38    8.00 99.99
2001 102  9 39    8.14 99.99
2001 102  9 40    8.25 99.99
2001 102  9 41 9999.99 99.99
2001 102  9 42    7.98  0.99
2001 102  9 43    7.66  1.04
2001 102  9 44    7.68  1.03
2001 102  9 45    7.79  0.88
2001 102  9 46    7.79  1.09
2001 102  9 47    7.82  1.09
2001 102  9 48    7.76  1.11
2001 102  9 49    7.81  1.12
2001 102  9 50    7.89  1.09
2001 102  9 51    7.68  1.06
2001 102  9 52    7.60  1.10
2001 102  9 53    7.39  0.90
2001 102  9 54    7.48  0.77
2001 102  9 55    7.52  0.75
2001 102  9 56    7.43  0.91
2001 102  9 57    7.43  0.76
2001 102  9 58    6.81  0.69
2001 102  9 59    7.65  0.88
2001 102 10  0    8.09  0.67
2001 102 10  1    8.95  0.62
2001 102 10  2    8.87 99.99
2001 102 10  3    7.10 99.99
2001 102 10  4    7.79  1.03
2001 102 10  5    8.64  1.23
2001 102 10  6    8.50  1.34
2001 102 10  7    8.67  1.05
2001 102 10  8    8.60  1.77
2001 102 10  9    8.87  1.52
2001 102 10 10    9.13  1.50
2001 102 10 11    9.26  2.11
2001 102 10 12    9.72  1.43
2001 102 10 13    9.07  2.52
2001 102 10 14    9.37  2.52
2001 102 10 15    9.14  1.89
2001 102 10 16    9.08  2.29
2001 102 10 17    9.27  2.19
2001 102 10 18    9.47  1.62
2001 102 10 19    9.42  2.39
2001 102 10 20    9.42  2.36
2001 102 10 21    9.56  2.11
2001 102 10 22    9.63  2.69
2001 102 10 23    9.70  2.59
2001 102 10 24    9.70  1.89
2001 102 10 25    9.83  3.01
2001 102 10 26   10.23  2.68
2001 102 10 27   10.06  1.98
2001 102 10 28    9.10  1.70
2001 102 10 29    9.59  1.61
2001 102 10 30    9.71  1.50
2001 102 10 31    9.81  1.44
2001 102 10 32    9.85  1.26
2001 102 10 33    9.91  1.08
2001 102 10 34    9.92  1.06
2001 102 10 35    9.85  0.91
2001 102 10 36    9.89  1.08
2001 102 10 37    9.84  0.98
2001 102 10 38    9.89  0.84
2001 102 10 39    9.88  0.82
2001 102 10 40    9.93  1.02
2001 102 10 41   10.14  0.99
2001 102 10 42    9.88  0.93
2001 102 10 43    9.92  1.07
2001 102 10 44    9.67  0.67
2001 102 10 45    9.70  0.77
2001 102 10 46    9.57  0.96
2001 102 10 47    9.53  0.86
2001 102 10 48    9.63  0.85
2001 102 10 49    9.73  0.63
2001 102 10 50    9.91  0.99
2001 102 10 51    9.91  0.82
2001 102 10 52    9.46  0.74
2001 102 10 53    9.66  0.87
2001 102 10 54    9.53  1.15
2001 102 10 55    9.41  1.16
2001 102 10 56    9.01  1.11
2001 102 10 57    7.55  1.02
2001 102 10 58    8.52  2.01
2001 102 10 59   10.15  2.01
2001 102 11  0   10.86  1.90
2001 102 11  1   10.55  1.81
2001 102 11  2    9.53  1.71
2001 102 11  3    9.13  2.18
2001 102 11  4    8.66  2.61
2001 102 11  5    8.99  1.68
2001 102 11  6    9.14  1.68
2001 102 11  7    9.03 99.99
2001 102 11  8    9.48  3.53
2001 102 11  9   10.18  3.53
2001 102 11 10   10.43  2.34
2001 102 11 11    8.88  2.34
2001 102 11 12    8.29 99.99
2001 102 11 13    8.30  2.45
2001 102 11 14    8.44  2.45
2001 102 11 15    8.37 99.99
2001 102 11 16    7.68 99.99
2001 102 11 17    7.36 99.99
2001 102 11 18    8.27  1.69
2001 102 11 19    8.32  1.69
2001 102 11 20    8.90  1.30
2001 102 11 21    9.47  1.12
2001 102 11 22    9.79  0.77
2001 102 11 23    9.56 99.99
2001 102 11 24    9.67  0.98
2001 102 11 25    9.68  0.98
2001 102 11 26    9.72 99.99
2001 102 11 27   10.41  2.52
2001 102 11 28   11.21  2.54
2001 102 11 29   11.33  2.18
2001 102 11 30   11.82  1.70
2001 102 11 31   12.08  1.51
2001 102 11 32   12.45  1.53
2001 102 11 33   12.86  2.03
2001 102 11 34   12.85  2.63
2001 102 11 35   13.03 99.99
2001 102 11 36   13.25  2.89
2001 102 11 37   12.61  1.67
2001 102 11 38   12.39  2.16
2001 102 11 39    9.54  2.70
2001 102 11 40   13.80  2.09
2001 102 11 41   13.73  1.54
2001 102 11 42    7.65  1.76
2001 102 11 43    4.79  1.77
2001 102 11 44    6.11  1.28
2001 102 11 45    7.24  1.13
2001 102 11 46    6.80  3.83
2001 102 11 47    7.43  3.55
2001 102 11 48    9.46  3.07
2001 102 11 49   10.02  8.25
2001 102 11 50   10.56  6.19
2001 102 11 51   10.39  3.49
2001 102 11 52    9.68  2.10
2001 102 11 53    9.75  5.63
2001 102 11 54   12.53  5.85
2001 102 11 55   12.86  9.97
2001 102 11 56   13.03  8.73
2001 102 11 57   12.75  8.04
2001 102 11 58   12.30  7.20
2001 102 11 59   11.75  6.71
2001 102 12  0   12.50  5.99
2001 102 12  1   11.80  4.15
2001 102 12  2   12.27  2.95
2001 102 12  3   12.18  3.01
2001 102 12  4   12.40  3.51
2001 102 12  5   12.20  3.16
2001 102 12  6   12.17  3.33
2001 102 12  7   11.89  4.00
2001 102 12  8   12.22  4.77
2001 102 12  9   12.18  3.22
2001 102 12 10   11.95  4.02
2001 102 12 11   11.86  3.88
2001 102 12 12   11.54  3.13
2001 102 12 13   11.80  3.51
2001 102 12 14   12.18  3.30
2001 102 12 15   12.60  3.01
2001 102 12 16   11.65  2.58
2001 102 12 17   10.67  2.37
2001 102 12 18   10.67  2.40
2001 102 12 19   10.48  2.49
2001 102 12 20   10.92  2.44
2001 102 12 21   11.20  2.28
2001 102 12 22   10.90  3.18
2001 102 12 23   10.67  1.61
2001 102 12 24   11.26  1.61
2001 102 12 25   11.38  2.04
2001 102 12 26   11.02  2.04
2001 102 12 27   10.74 99.99
2001 102 12 28   10.62  1.71
2001 102 12 29   10.51  1.71
2001 102 12 30   10.41  2.12
2001 102 12 31   10.91  2.03
2001 102 12 32   11.09  2.56
2001 102 12 33   11.35  1.96
2001 102 12 34   11.63  1.72
2001 102 12 35   11.61  1.69
2001 102 12 36   11.51  1.70
2001 102 12 37   11.52  2.00
2001 102 12 38   11.70  1.90
2001 102 12 39   11.44  1.87
2001 102 12 40   11.39  1.70
2001 102 12 41   11.38  1.49
2001 102 12 42   11.21  1.58
2001 102 12 43   11.08  1.41
2001 102 12 44   11.08  1.66
2001 102 12 45   11.52  1.62
2001 102 12 46   11.60  1.44
2001 102 12 47   11.05  1.15
2001 102 12 48   10.51  1.57
2001 102 12 49   10.44  1.74
2001 102 12 50   10.40  1.73
2001 102 12 51   10.34  2.31
2001 102 12 52   10.38  2.31
2001 102 12 53   10.31  2.28
2001 102 12 54   10.73  1.94
2001 102 12 55   10.60  2.00
2001 102 12 56   10.57  3.19
2001 102 12 57   10.86  2.90
2001 102 12 58   10.61  3.25
2001 102 12 59   10.64  3.14
2001 102 13  0   10.62  2.81
2001 102 13  1   10.78  2.79
2001 102 13  2   10.81  2.71
2001 102 13  3   10.90  2.83
2001 102 13  4   11.08  2.83
2001 102 13  5   11.12  2.39
2001 102 13  6   10.68  2.29
2001 102 13  7   10.76  1.85
2001 102 13  8   10.56  1.48
2001 102 13  9   10.40  1.54
2001 102 13 10   10.38  1.48
2001 102 13 11   10.13  1.29
2001 102 13 12   10.51  1.54
2001 102 13 13   11.26  1.89
2001 102 13 14   10.94  1.88
2001 102 13 15   10.71  1.95
2001 102 13 16   10.59 99.99
2001 102 13 17   10.33 99.99
2001 102 13 18   10.69  1.72
2001 102 13 19   10.61  1.72
2001 102 13 20   10.63 99.99
2001 102 13 21   10.62  1.62
2001 102 13 22   10.68  1.62
2001 102 13 23   10.53  2.46
2001 102 13 24   10.47  2.75
2001 102 13 25   10.71  2.03
2001 102 13 26   10.74  1.46
2001 102 13 27   10.69  1.30
2001 102 13 28   11.37  1.35
2001 102 13 29   10.91  0.76
2001 102 13 30   10.26  0.76
2001 102 13 31    9.77  0.76
2001 102 13 32    9.71  0.76
2001 102 13 33    8.49  1.03
2001 102 13 34    8.51  1.01
2001 102 13 35    8.85  1.00
2001 102 13 36   10.16  1.76
2001 102 13 37   10.64  2.14
2001 102 13 38   11.30  1.95
2001 102 13 39   11.53  1.67
2001 102 13 40   10.63  2.08
2001 102 13 41    9.90  2.37
2001 102 13 42    9.36  2.20
2001 102 13 43    9.36  2.88
2001 102 13 44    9.64  2.43
2001 102 13 45   10.04  2.25
2001 102 13 46   10.21  2.11
2001 102 13 47   10.27 99.99
2001 102 13 48   10.17  2.58
2001 102 13 49   10.21  2.58
2001 102 13 50   10.10 99.99
2001 102 13 51    9.99 99.99
2001 102 13 52    9.79 99.99
2001 102 13 53    9.71  2.44
2001 102 13 54    9.94  2.44
2001 102 13 55   10.07  1.72
2001 102 13 56   10.09  1.72
2001 102 13 57   10.01 99.99
2001 102 13 58   10.21 99.99
2001 102 13 59   10.51 99.99
2001 102 14  0    9.96  1.68
2001 102 14  1    9.98  1.68
2001 102 14  2   10.12 99.99
2001 102 14  3   10.29  1.82
2001 102 14  4   10.20  1.82
2001 102 14  5   10.62 99.99
2001 102 14  6    9.92 99.99
2001 102 14  7   10.11 99.99
2001 102 14  8   10.08  1.47
2001 102 14  9   10.04  1.47
2001 102 14 10    9.94  1.06
2001 102 14 11    9.82  1.06
2001 102 14 12    9.94  1.40
2001 102 14 13    9.40  1.40
2001 102 14 14    9.31  1.32
2001 102 14 15    9.10  1.32
2001 102 14 16    8.91  2.25
2001 102 14 17    8.94  2.25
2001 102 14 18   10.23 99.99
2001 102 14 19   10.30  1.59
2001 102 14 20    9.67  2.31
2001 102 14 21    8.48  2.01
2001 102 14 22    8.73  1.41
2001 102 14 23    8.81  1.66
2001 102 14 24    9.37  1.58
2001 102 14 25    9.24  1.39
2001 102 14 26    9.91  0.85
2001 102 14 27   10.37  1.48
2001 102 14 28   10.52  1.19
2001 102 14 29   10.46  0.84
2001 102 14 30   10.26  0.75
2001 102 14 31    9.96  0.78
2001 102 14 32    9.87  0.52
2001 102 14 33    9.89  0.49
2001 102 14 34    9.77  0.76
2001 102 14 35    9.79  0.90
2001 102 14 36    9.83  0.78
2001 102 14 37    9.67  0.87
2001 102 14 38    9.71  0.91
2001 102 14 39    9.40  0.77
2001 102 14 40    9.39  0.93
2001 102 14 41    9.49  1.00
2001 102 14 42    9.67  1.01
2001 102 14 43    9.70  0.83
2001 102 14 44    9.36  0.78
2001 102 14 45    9.42  0.80
2001 102 14 46    9.48  0.70
2001 102 14 47    9.63  0.68
2001 102 14 48    9.71  0.49
2001 102 14 49    9.87  0.44
2001 102 14 50    9.97  0.35
2001 102 14 51    9.62 99.99
2001 102 14 52    9.29  0.54
2001 102 14 53    9.35  0.61
2001 102 14 54    9.61  0.60
2001 102 14 55    9.69  0.54
2001 102 14 56    9.40  0.53
2001 102 14 57    9.80  0.49
2001 102 14 58   10.16  0.51
2001 102 14 59   11.04  0.54
2001 102 15  0   10.50  0.59
2001 102 15  1    9.95  0.57
2001 102 15  2    9.31  0.62
2001 102 15  3    8.70  0.56
2001 102 15  4    8.66  0.74
2001 102 15  5    8.47  0.73
2001 102 15  6    8.42  0.58
2001 102 15  7    8.55  0.91
2001 102 15  8    8.56  0.59
2001 102 15  9    8.37  1.05
2001 102 15 10    8.36  1.05
2001 102 15 11    9.51  1.45
2001 102 15 12   10.18  1.46
2001 102 15 13    9.82  1.47
2001 102 15 14    9.74  2.58
2001 102 15 15   10.16  1.91
2001 102 15 16   10.14  1.52
2001 102 15 17   10.14  1.50
2001 102 15 18   10.00  1.77
2001 102 15 19   10.17  1.33
2001 102 15 20   10.10  1.33
2001 102 15 21   10.05  1.13
2001 102 15 22    9.98  1.45
2001 102 15 23    9.69  1.45
2001 102 15 24    9.68  1.44
2001 102 15 25    9.73  1.44
2001 102 15 26    9.77  1.20
2001 102 15 27    9.80  1.20
2001 102 15 28    9.93  1.02
2001 102 15 29    9.91  1.05
2001 102 15 30    9.91  1.05
2001 102 15 31   10.11  0.99
2001 102 15 32   10.04  1.26
2001 102 15 33   10.07  0.98
2001 102 15 34   10.14  1.04
2001 102 15 35   10.20  0.92
2001 102 15 36   10.04  1.20
2001 102 15 37    9.98  0.93
2001 102 15 38   10.02  1.08
2001 102 15 39    9.94  1.06
2001 102 15 40    9.97  1.25
2001 102 15 41   10.00  0.98
2001 102 15 42   10.23  0.91
2001 102 15 43   10.28  0.87
2001 102 15 44    9.96  1.57
2001 102 15 45    9.99  1.29
2001 102 15 46   10.02  0.98
2001 102 15 47   10.03  1.14
2001 102 15 48   10.01  1.02
2001 102 15 49    9.83  0.95
2001 102 15 50    9.87  1.09
2001 102 15 51   10.02  1.12
2001 102 15 52   10.42  1.38
2001 102 15 53   10.77  1.29
2001 102 15 54   10.56  1.12
2001 102 15 55   10.50  1.10
2001 102 15 56    8.85  1.26
2001 102 15 57    9.06  1.53
2001 102 15 58    9.40  1.44
2001 102 15 59    9.27  2.17
2001 102 16  0    9.52  1.83
2001 102 16  1    9.61  2.02
2001 102 16  2    9.70  1.78
2001 102 16  3    9.68  1.92
2001 102 16  4    9.63  1.30
2001 102 16  5    9.57  1.58
2001 102 16  6    9.58  1.58
2001 102 16  7    9.90  2.02
2001 102 16  8    9.68  1.66
2001 102 16  9    9.69  1.48
2001 102 16 10    9.64  1.46
2001 102 16 11    9.61  1.70
2001 102 16 12    9.61  1.70
2001 102 16 13    9.66  1.40
2001 102 16 14    9.71  1.47
2001 102 16 15    9.68  1.25
2001 102 16 16    9.80  1.25
2001 102 16 17    9.84  1.46
2001 102 16 18    9.90  1.07
2001 102 16 19    9.96  1.04
2001 102 16 20   10.01  1.33
2001 102 16 21   10.13  1.22
2001 102 16 22   10.12  1.12
2001 102 16 23   10.05  1.07
2001 102 16 24    9.97  1.08
2001 102 16 25    9.93  0.91
2001 102 16 26    9.91  0.94
2001 102 16 27    9.88  1.03
2001 102 16 28    9.90  0.94
2001 102 16 29    9.76  1.34
2001 102 16 30    9.51  1.04
2001 102 16 31    9.50  1.08
2001 102 16 32    9.62  0.98
2001 102 16 33    9.43  1.02
2001 102 16 34    9.39  1.12
2001 102 16 35    9.26  1.22
2001 102 16 36    9.25  1.62
2001 102 16 37    9.31  1.58
2001 102 16 38    9.29  1.43
2001 102 16 39    9.25  1.20
2001 102 16 40    9.20  1.34
2001 102 16 41    9.12  1.38
2001 102 16 42    9.02  1.25
2001 102 16 43    9.02  1.14
2001 102 16 44    9.03 99.99
2001 102 16 45    9.03 99.99
2001 102 16 46    8.92  1.44
2001 102 16 47    8.79  1.32
2001 102 16 48    8.86  1.26
2001 102 16 49    8.64  1.10
2001 102 16 50    8.36  1.95
2001 102 16 51    8.02  1.33
2001 102 16 52    7.98  1.77
2001 102 16 53    8.03  1.91
2001 102 16 54    8.07  1.96
2001 102 16 55    8.33  1.97
2001 102 16 56    8.14  1.49
2001 102 16 57    8.13  1.58
2001 102 16 58    8.17  1.60
2001 102 16 59    8.10  1.75
2001 102 17  0    8.16  1.06
2001 102 17  1    8.18  1.78
2001 102 17  2    8.10  1.79
2001 102 17  3    8.18  1.47
2001 102 17  4    8.18  1.36
2001 102 17  5    7.96  1.36
2001 102 17  6    7.95  1.77
2001 102 17  7    7.57  1.74
2001 102 17  8    7.41  1.85
2001 102 17  9    7.50  1.65
2001 102 17 10    7.38  1.65
2001 102 17 11    7.60  1.74
2001 102 17 12    7.64  1.53
2001 102 17 13    7.63  1.41
2001 102 17 14    7.40  1.51
2001 102 17 15    7.20  1.65
2001 102 17 16    7.22  1.78
2001 102 17 17    7.26  1.61
2001 102 17 18    7.15  1.53
2001 102 17 19    6.99  1.46
2001 102 17 20    6.75  1.39
2001 102 17 21    6.34  1.56
2001 102 17 22    6.62 99.99
2001 102 17 23    6.60  2.00
2001 102 17 24    6.88  1.42
2001 102 17 25    6.86  1.35
2001 102 17 26    6.74  1.24
2001 102 17 27    7.21  0.92
2001 102 17 28    7.61  0.78
2001 102 17 29    7.59  0.89
2001 102 17 30    7.26  0.91
2001 102 17 31    7.16  0.86
2001 102 17 32    6.94  0.58
2001 102 17 33    6.82  0.53
2001 102 17 34    6.98  0.59
2001 102 17 35    7.10  0.87
2001 102 17 36    7.03  0.60
2001 102 17 37    7.05  0.66
2001 102 17 38    7.07  0.54
2001 102 17 39    7.11  0.68
2001 102 17 40    7.23  0.46
2001 102 17 41    7.18  0.61
2001 102 17 42    7.07  0.51
2001 102 17 43    6.81  0.65
2001 102 17 44    6.46  0.67
2001 102 17 45    6.32  0.60
2001 102 17 46    6.27  0.57
2001 102 17 47    5.81  0.67
2001 102 17 48    5.54  0.86
2001 102 17 49    5.65  0.73
2001 102 17 50    5.65  0.77
2001 102 17 51    5.36  0.65
2001 102 17 52    4.59  0.79
2001 102 17 53    4.93  0.75
2001 102 17 54    4.80  0.68
2001 102 17 55    4.38  0.71
2001 102 17 56    4.36  1.01
2001 102 17 57    3.91  1.01
2001 102 17 58    3.58 99.99
2001 102 17 59    3.07  0.89
2001 102 18  0    2.91  1.02
2001 102 18  1    3.11 99.99
2001 102 18  2    3.49  0.75
2001 102 18  3    3.63  0.97
2001 102 18  4    3.84  0.97
2001 102 18  5    3.71  0.66
2001 102 18  6    3.28  0.63
2001 102 18  7    3.93  0.62
2001 102 18  8    4.05  0.63
2001 102 18  9    4.06  0.89
2001 102 18 10    4.11  0.70
2001 102 18 11    4.04  0.71
2001 102 18 12    4.00  0.61
2001 102 18 13    4.03  0.67
2001 102 18 14    4.53  0.53
2001 102 18 15    4.29  0.72
2001 102 18 16    4.23  0.71
2001 102 18 17    4.28  0.69
2001 102 18 18    4.40  0.63
2001 102 18 19    4.46  0.45
2001 102 18 20    4.34  0.41
2001 102 18 21    4.59  0.48
2001 102 18 22    4.48  0.51
2001 102 18 23    4.29  0.45
2001 102 18 24    4.45  0.49
2001 102 18 25    4.32  0.49
2001 102 18 26    4.46  0.50
2001 102 18 27    4.50  0.57
2001 102 18 28    4.37  0.47
2001 102 18 29    4.46  0.60
2001 102 18 30    4.51  0.53
2001 102 18 31    4.44  0.50
2001 102 18 32    4.52  0.61
2001 102 18 33    4.73  0.47
2001 102 18 34    5.01  0.52
2001 102 18 35    5.13  0.55
2001 102 18 36    5.16  0.61
2001 102 18 37    5.17  0.56
2001 102 18 38    5.18  0.53
2001 102 18 39    5.00  0.59
2001 102 18 40    5.00  0.51
2001 102 18 41    4.93  0.68
2001 102 18 42    5.04  0.63
2001 102 18 43    4.93  0.58
2001 102 18 44    4.97  0.56
2001 102 18 45    4.98  0.62
2001 102 18 46    5.13  0.57
2001 102 18 47    5.10  0.64
2001 102 18 48    5.01  0.56
2001 102 18 49    4.85  0.66
2001 102 18 50    4.85  0.63
2001 102 18 51    4.86  0.62
2001 102 18 52    4.83  0.71
2001 102 18 53    4.80  0.57
2001 102 18 54    4.87  0.66
2001 102 18 55    4.79  0.56
2001 102 18 56    4.83  0.68
2001 102 18 57    4.81  0.55
2001 102 18 58    4.82  0.53
2001 102 18 59    4.72  0.44
2001 102 19  0    4.14  0.44
2001 102 19  1    4.32  0.63
2001 102 19  2    4.42  0.61
2001 102 19  3    4.34  0.47
2001 102 19  4    4.37  0.52
2001 102 19  5    4.18  0.50
2001 102 19  6    4.16  0.61
2001 102 19  7    4.15  0.62
2001 102 19  8    4.12  0.65
2001 102 19  9    4.31  0.42
2001 102 19 10    4.34  0.55
2001 102 19 11    3.80  0.70
2001 102 19 12    3.93  0.57
2001 102 19 13    4.00  0.52
2001 102 19 14    4.06  0.55
2001 102 19 15    3.71  0.59
2001 102 19 16    3.59  0.56
2001 102 19 17    3.61  0.56
2001 102 19 18    3.64  0.62
2001 102 19 19    3.59  0.64
2001 102 19 20    3.63  0.57
2001 102 19 21    3.50  0.61
2001 102 19 22    3.30  0.61
2001 102 19 23    3.55  0.68
2001 102 19 24    3.41  0.63
2001 102 19 25    3.49  0.62
2001 102 19 26    3.85  0.62
2001 102 19 27    3.81  0.71
2001 102 19 28    3.70  0.84
2001 102 19 29    3.62  0.75
2001 102 19 30    3.80  0.75
2001 102 19 31    3.96  0.84
2001 102 19 32    3.67  0.89
2001 102 19 33    4.11  0.89
2001 102 19 34    3.53  0.89
2001 102 19 35    3.81  1.08
2001 102 19 36    3.97  0.97
2001 102 19 37    3.89  0.81
2001 102 19 38    3.95 99.99
2001 102 19 39    3.94  0.82
2001 102 19 40    4.10  0.81
2001 102 19 41    4.66  0.75
2001 102 19 42    4.50  0.72
2001 102 19 43    4.44 99.99
2001 102 19 44    4.06  0.90
2001 102 19 45    3.97  0.88
2001 102 19 46    5.10  0.87
2001 102 19 47    5.33  0.71
2001 102 19 48    4.98  0.70
2001 102 19 49    5.14  0.77
2001 102 19 50    5.24  0.82
2001 102 19 51    5.38  0.74
2001 102 19 52    5.22  0.67
2001 102 19 53    5.08  0.69
2001 102 19 54    5.14  0.86
2001 102 19 55    5.36  0.61
2001 102 19 56    5.36  0.73
2001 102 19 57    5.24  0.56
2001 102 19 58    5.24  0.89
2001 102 19 59    5.14  0.65
2001 102 20  0    5.26  0.55
2001 102 20  1    5.11  0.62
2001 102 20  2    5.32  0.67
2001 102 20  3    5.15  0.66
2001 102 20  4    4.45  0.66
2001 102 20  5    4.43  1.00
2001 102 20  6    4.46  1.00
2001 102 20  7    4.56  0.68
2001 102 20  8    4.78  0.68
2001 102 20  9    4.83  0.81
2001 102 20 10    4.53  0.58
2001 102 20 11    4.35  0.58
2001 102 20 12    4.81  0.82
2001 102 20 13    4.47  0.90
2001 102 20 14    4.17  0.69
2001 102 20 15    4.54  0.67
2001 102 20 16    4.70  0.66
2001 102 20 17    4.73  0.63
2001 102 20 18    4.59  0.55
2001 102 20 19    4.55  0.83
2001 102 20 20    5.21  0.62
2001 102 20 21    5.44  0.49
2001 102 20 22    5.53  0.43
2001 102 20 23    5.34  0.61
2001 102 20 24    5.11  0.60
2001 102 20 25    5.06  0.63
2001 102 20 26    5.18  0.58
2001 102 20 27    5.06  0.58
2001 102 20 28    5.09  0.85
2001 102 20 29    5.08  0.72
2001 102 20 30    4.91  0.87
2001 102 20 31    4.86  0.73
2001 102 20 32    4.81  0.62
2001 102 20 33    4.96  0.66
2001 102 20 34    5.03  0.71
2001 102 20 35    5.19  0.83
2001 102 20 36    5.14  0.70
2001 102 20 37    5.35  0.70
2001 102 20 38    5.22  0.77
2001 102 20 39    5.42  0.83
2001 102 20 40    5.99  0.83
2001 102 20 41    5.20  0.80
2001 102 20 42    5.26  0.91
2001 102 20 43    5.35  0.76
2001 102 20 44    5.34  0.78
2001 102 20 45    5.32  0.83
2001 102 20 46    5.25  0.76
2001 102 20 47    4.51  0.66
2001 102 20 48    4.83  0.94
2001 102 20 49    4.11  0.88
2001 102 20 50    4.52  0.81
2001 102 20 51    4.70  0.82
2001 102 20 52    4.78  0.83
2001 102 20 53    4.41  0.83
2001 102 20 54    4.39  0.78
2001 102 20 55    4.32  0.93
2001 102 20 56    4.09  0.67
2001 102 20 57    4.00  0.81
2001 102 20 58    3.78  0.74
2001 102 20 59    3.59  0.83
2001 102 21  0    3.83  0.83
2001 102 21  1    2.99  0.80
2001 102 21  2    3.20  1.17
2001 102 21  3    2.70  1.11
2001 102 21  4    2.83  0.99
2001 102 21  5    2.84  1.09
2001 102 21  6    3.33  1.22
2001 102 21  7    3.14  1.28
2001 102 21  8    3.09  1.14
2001 102 21  9    3.59  0.90
2001 102 21 10    3.19 99.99
2001 102 21 11    3.56  1.01
2001 102 21 12    3.07  1.01
2001 102 21 13    1.99  1.18
2001 102 21 14    0.78  0.93
2001 102 21 15    0.46  0.71
2001 102 21 16    1.28  0.71
2001 102 21 17    1.55  0.78
2001 102 21 18    3.33  0.78
2001 102 21 19    4.33  0.98
2001 102 21 20    4.95  0.99
2001 102 21 21    5.98  0.80
2001 102 21 22    5.99  0.71
2001 102 21 23    5.96  0.47
2001 102 21 24    5.64  0.54
2001 102 21 25    5.43  0.48
2001 102 21 26    5.48  0.47
2001 102 21 27    5.50  0.52
2001 102 21 28    5.55  0.39
2001 102 21 29    5.35 99.99
2001 102 21 30    5.31  0.43
2001 102 21 31    5.39  0.43
2001 102 21 32    5.52  0.43
2001 102 21 33    5.52 99.99
2001 102 21 34    4.91  0.51
2001 102 21 35    5.00  0.46
2001 102 21 36    4.99  0.59
2001 102 21 37    4.47  0.59
2001 102 21 38    3.93  0.65
2001 102 21 39    3.83  0.65
2001 102 21 40    3.29  0.81
2001 102 21 41    3.50  0.81
2001 102 21 42    5.45  0.43
2001 102 21 43    5.68  0.52
2001 102 21 44    5.07  0.43
2001 102 21 45    5.06 99.99
2001 102 21 46    5.16 99.99
2001 102 21 47 9999.99 99.99
2001 102 21 48    5.22 99.99
2001 102 21 49 9999.99 99.99
2001 102 21 50    5.17  0.64
2001 102 21 51    5.28  0.57
2001 102 21 52    5.11  0.51
2001 102 21 53    5.03  0.46
2001 102 21 54    5.11  0.34
2001 102 21 55    5.30  0.45
2001 102 21 56    5.32  0.33
2001 102 21 57    5.32  0.44
2001 102 21 58    5.29  0.47
2001 102 21 59    5.12  0.55
2001 102 22  0    5.08  0.36
2001 102 22  1    5.04  0.51
2001 102 22  2    4.90  0.48
2001 102 22  3    4.95  0.41
2001 102 22  4    4.92  0.43
2001 102 22  5    4.93  0.60
2001 102 22  6    4.79  0.68
2001 102 22  7    5.04  0.82
2001 102 22  8    4.97  0.49
2001 102 22  9    5.07  0.60
2001 102 22 10    4.93  0.62
2001 102 22 11    4.80  0.58
2001 102 22 12    4.63  0.62
2001 102 22 13    4.89  0.62
2001 102 22 14    4.79  0.97
2001 102 22 15    4.98  0.73
2001 102 22 16    4.72  0.72
2001 102 22 17    4.96  0.72
2001 102 22 18    4.79  0.63
2001 102 22 19    4.51  0.76
2001 102 22 20    4.20  0.64
2001 102 22 21    4.15  0.38
2001 102 22 22    4.17  0.48
2001 102 22 23    4.33  0.66
2001 102 22 24    4.29  0.47
2001 102 22 25    4.47  0.49
2001 102 22 26    4.42  0.48
2001 102 22 27    4.56  0.47
2001 102 22 28    4.51 99.99
2001 102 22 29    4.03 99.99
2001 102 22 30    4.11  0.83
2001 102 22 31    4.13  0.79
2001 102 22 32    4.07  0.72
2001 102 22 33    4.13  0.61
2001 102 22 34    3.88  0.58
2001 102 22 35    3.83  0.65
2001 102 22 36    3.75  0.83
2001 102 22 37    4.29  0.78
2001 102 22 38    4.45  0.58
2001 102 22 39    4.35 99.99
2001 102 22 40    4.36  0.77
2001 102 22 41    4.32  0.63
2001 102 22 42    4.25  0.66
2001 102 22 43    4.00  0.63
2001 102 22 44    4.51  0.66
2001 102 22 45    4.67  0.59
2001 102 22 46    4.91  0.54
2001 102 22 47    4.94  0.56
2001 102 22 48    4.73  0.59
2001 102 22 49    4.42  0.46
2001 102 22 50    4.42  0.49
2001 102 22 51    4.61  0.46
2001 102 22 52    4.53  0.42
2001 102 22 53    4.30  0.51
2001 102 22 54    4.33  0.51
2001 102 22 55    4.43  0.58
2001 102 22 56    4.65  0.54
2001 102 22 57    4.85  0.43
2001 102 22 58    4.65 99.99
2001 102 22 59    4.67  0.72
2001 102 23  0    4.52  0.65
2001 102 23  1    4.34  0.54
2001 102 23  2    4.48  0.45
2001 102 23  3    4.75  0.67
2001 102 23  4    4.81  0.66
2001 102 23  5    5.03  0.58
2001 102 23  6    4.88  0.47
2001 102 23  7    5.03  0.53
2001 102 23  8    4.67  0.57
2001 102 23  9    4.60  0.59
2001 102 23 10    4.82  0.51
2001 102 23 11    5.10  0.44
2001 102 23 12    4.67  0.54
2001 102 23 13    5.19  0.56
2001 102 23 14    4.91  0.55
2001 102 23 15    4.90  0.47
2001 102 23 16    5.36  0.46
2001 102 23 17    4.97 99.99
2001 102 23 18    4.92  0.66
2001 102 23 19    4.55  0.57
2001 102 23 20    4.45  0.51
2001 102 23 21    4.44 99.99
2001 102 23 22    4.38  0.49
2001 102 23 23    4.44  0.53
2001 102 23 24    4.62  0.51
2001 102 23 25    4.70  0.52
2001 102 23 26    4.50  0.58
2001 102 23 27    4.53 99.99
2001 102 23 28    4.60  0.52
2001 102 23 29    4.42  0.53
2001 102 23 30    4.45  0.78
2001 102 23 31    4.35  0.64
2001 102 23 32    4.25  0.49
2001 102 23 33    4.09  0.57
2001 102 23 34    4.21  0.50
2001 102 23 35    4.38  0.60
2001 102 23 36    4.34  0.64
2001 102 23 37    4.20  0.68
2001 102 23 38    4.08  1.18
2001 102 23 39    4.11  1.37
2001 102 23 40    3.82  1.18
2001 102 23 41    3.94  1.18
2001 102 23 42    3.93  1.33
2001 102 23 43    3.99  1.22
2001 102 23 44    4.42  1.25
2001 102 23 45    4.20  1.30
2001 102 23 46    3.48 99.99
2001 102 23 47    3.77  1.31
2001 102 23 48    3.39  1.20
2001 102 23 49    3.71  1.20
2001 102 23 50    3.96  1.17
2001 102 23 51    4.07  0.86
2001 102 23 52    3.81  0.81
2001 102 23 53    3.32  0.89
2001 102 23 54    3.73  0.76
2001 102 23 55    4.10  0.55
2001 102 23 56    4.20  0.63
2001 102 23 57    4.35  0.65
2001 102 23 58    4.39  0.66
2001 102 23 59    4.68  0.79
