2000 261  0  0   -4.28  2.89
2000 261  0  1   -7.02  2.71
2000 261  0  2   -6.13  2.60
2000 261  0  3   -5.69  2.75
2000 261  0  4   -4.52  2.85
2000 261  0  5   -4.13  2.85
2000 261  0  6   -4.87  2.81
2000 261  0  7   -5.44  2.81
2000 261  0  8   -4.97  2.84
2000 261  0  9   -4.57  2.80
2000 261  0 10   -3.66  2.76
2000 261  0 11   -4.96  2.83
2000 261  0 12   -4.31  2.93
2000 261  0 13   -4.65  2.86
2000 261  0 14   -4.69  2.60
2000 261  0 15   -2.77  2.99
2000 261  0 16   -3.02  2.83
2000 261  0 17   -3.91  2.61
2000 261  0 18   -3.27  2.71
2000 261  0 19   -1.99  2.82
2000 261  0 20 9999.99 99.99
2000 261  0 21   -1.33  2.98
2000 261  0 22    1.03  3.30
2000 261  0 23    0.88  3.42
2000 261  0 24   -1.37  3.29
2000 261  0 25   -1.79  2.88
2000 261  0 26    0.88  2.84
2000 261  0 27    1.05  2.82
2000 261  0 28    0.73  2.80
2000 261  0 29    0.50  2.06
2000 261  0 30    0.22  2.02
2000 261  0 31   -5.01  2.27
2000 261  0 32   -5.41  2.38
2000 261  0 33    0.41  2.27
2000 261  0 34    1.41  2.57
2000 261  0 35    1.60  2.78
2000 261  0 36    0.56  2.77
2000 261  0 37    1.82  3.28
2000 261  0 38   -6.86  4.08
2000 261  0 39   -2.76 99.99
2000 261  0 40   -1.93 13.00
2000 261  0 41   -1.99 13.04
2000 261  0 42   -0.35 12.76
2000 261  0 43   -1.91 13.16
2000 261  0 44   -2.15 13.49
2000 261  0 45   -1.09 13.51
2000 261  0 46   -1.83 13.45
2000 261  0 47   -1.52 13.30
2000 261  0 48   -1.22 13.48
2000 261  0 49   -0.42 13.56
2000 261  0 50   -0.74 13.33
2000 261  0 51   -1.47 12.26
2000 261  0 52    0.02 12.51
2000 261  0 53    0.86 12.73
2000 261  0 54   -0.25 12.77
2000 261  0 55   -1.42 12.77
2000 261  0 56   -1.45 12.53
2000 261  0 57   -0.87 12.51
2000 261  0 58   -1.36 12.66
2000 261  0 59   -1.74 13.29
2000 261  1  0   -2.87 13.29
2000 261  1  1   -2.96 12.86
2000 261  1  2   -3.07 12.61
2000 261  1  3   -3.58 12.79
2000 261  1  4   -3.66 12.32
2000 261  1  5   -3.32 11.83
2000 261  1  6   -2.66 11.75
2000 261  1  7   -2.88 11.32
2000 261  1  8   -2.43 11.60
2000 261  1  9   -2.13 11.81
2000 261  1 10   -2.65 11.20
2000 261  1 11   -2.63 11.08
2000 261  1 12   -2.68 10.92
2000 261  1 13   -2.95 11.18
2000 261  1 14   -1.87 11.55
2000 261  1 15   -0.97 11.61
2000 261  1 16   -0.28 11.92
2000 261  1 17   -0.95 11.86
2000 261  1 18   -2.59 11.84
2000 261  1 19   -1.45 10.94
2000 261  1 20   -0.17 11.34
2000 261  1 21    0.06 11.68
2000 261  1 22   -0.89 11.84
2000 261  1 23   -1.37 11.66
2000 261  1 24   -1.93 11.80
2000 261  1 25   -2.14 11.80
2000 261  1 26   -2.33 12.02
2000 261  1 27   -2.66 12.02
2000 261  1 28   -2.98 11.70
2000 261  1 29   -3.21 11.69
2000 261  1 30   -3.54 11.66
2000 261  1 31   -1.67 10.90
2000 261  1 32   -0.93 10.78
2000 261  1 33    1.14 11.29
2000 261  1 34    0.66 10.61
2000 261  1 35    0.31 10.20
2000 261  1 36    0.21  9.91
2000 261  1 37   -0.22  9.67
2000 261  1 38   -0.82  9.67
2000 261  1 39   -1.75  9.60
2000 261  1 40   -1.99  9.60
2000 261  1 41   -2.10 99.99
2000 261  1 42   -1.84 10.63
2000 261  1 43   -2.19 10.63
2000 261  1 44   -2.14 10.40
2000 261  1 45   -2.04 10.40
2000 261  1 46   -2.29 10.62
2000 261  1 47   -2.42 10.58
2000 261  1 48   -2.16 10.29
2000 261  1 49   -1.64 11.03
2000 261  1 50   -1.63 11.03
2000 261  1 51    0.17 11.11
2000 261  1 52    1.71 10.90
2000 261  1 53    0.65 10.63
2000 261  1 54   -0.16 10.41
2000 261  1 55   -0.56 10.04
2000 261  1 56   -1.37 10.03
2000 261  1 57   -1.98 10.48
2000 261  1 58   -2.27 10.38
2000 261  1 59   -4.91  9.43
2000 261  2  0   -5.29  8.57
2000 261  2  1   -4.90  7.70
2000 261  2  2   -5.71  6.76
2000 261  2  3   -6.26  6.74
2000 261  2  4   -6.54  6.44
2000 261  2  5   -6.40  6.31
2000 261  2  6   -6.32  6.39
2000 261  2  7   -5.74  7.41
2000 261  2  8   -6.83  7.67
2000 261  2  9   -6.80  8.86
2000 261  2 10   -6.52  6.38
2000 261  2 11   -7.41  7.03
2000 261  2 12   -6.98  6.07
2000 261  2 13   -6.58  5.03
2000 261  2 14   -6.36  5.16
2000 261  2 15   -5.84  5.98
2000 261  2 16   -6.72  5.80
2000 261  2 17   -7.45  6.13
2000 261  2 18   -7.11  5.86
2000 261  2 19   -7.42  5.55
2000 261  2 20   -6.69  5.19
2000 261  2 21   -8.21  5.19
2000 261  2 22  -10.78  4.21
2000 261  2 23  -11.14  3.98
2000 261  2 24  -11.26  4.28
2000 261  2 25   -7.87  3.75
2000 261  2 26   -7.37  4.07
2000 261  2 27   -7.75  4.01
2000 261  2 28   -7.66  4.44
2000 261  2 29   -4.95  4.48
2000 261  2 30   -8.16  5.64
2000 261  2 31   -8.19  5.43
2000 261  2 32   -8.99  7.36
2000 261  2 33  -10.56  6.78
2000 261  2 34  -10.44 99.99
2000 261  2 35   -9.94  6.93
2000 261  2 36   -9.74  6.95
2000 261  2 37   -8.38  8.50
2000 261  2 38  -11.01  7.72
2000 261  2 39  -12.58  4.63
2000 261  2 40  -13.12  3.41
2000 261  2 41  -12.25  3.34
2000 261  2 42  -12.61  3.42
2000 261  2 43  -12.73  3.61
2000 261  2 44  -11.68  3.31
2000 261  2 45  -11.53 99.99
2000 261  2 46  -10.58  5.33
2000 261  2 47   -8.42  8.40
2000 261  2 48   -9.20  7.76
2000 261  2 49   -7.87  8.08
2000 261  2 50   -7.14  6.06
2000 261  2 51   -7.41  3.62
2000 261  2 52   -7.61  3.61
2000 261  2 53   -7.12  3.65
2000 261  2 54   -6.89  3.51
2000 261  2 55   -7.04  3.60
2000 261  2 56   -6.85  3.64
2000 261  2 57   -8.04  3.92
2000 261  2 58   -6.94  4.29
2000 261  2 59   -5.65  3.99
2000 261  3  0   -5.75  3.99
2000 261  3  1   -6.98  3.51
2000 261  3  2   -4.01  2.54
2000 261  3  3   -4.36  2.55
2000 261  3  4   -4.90  2.33
2000 261  3  5   -5.24  2.15
2000 261  3  6   -3.74  2.19
2000 261  3  7   -4.70 99.99
2000 261  3  8   -2.91  2.09
2000 261  3  9    5.81  2.27
2000 261  3 10    4.06  2.52
2000 261  3 11    1.38  2.38
2000 261  3 12   -0.52  2.25
2000 261  3 13   -2.63  2.32
2000 261  3 14   -5.22  2.49
2000 261  3 15   -6.64  2.51
2000 261  3 16   -7.20  2.26
2000 261  3 17   -5.44  2.26
2000 261  3 18   -4.99  1.98
2000 261  3 19   -5.84  2.17
2000 261  3 20   -5.69  2.15
2000 261  3 21   -3.57  2.20
2000 261  3 22   -1.64  2.07
2000 261  3 23   -0.54  2.20
2000 261  3 24   -1.47  2.32
2000 261  3 25   -3.46  2.37
2000 261  3 26   -3.04  2.40
2000 261  3 27   -3.86  2.32
2000 261  3 28   -3.50  2.44
2000 261  3 29   -3.42  2.42
2000 261  3 30   -1.83  1.94
2000 261  3 31   -3.17  1.91
2000 261  3 32   -2.43  1.77
2000 261  3 33   -1.96  1.75
2000 261  3 34   -0.69  1.99
2000 261  3 35   -1.11  1.95
2000 261  3 36    0.19  1.89
2000 261  3 37   -0.13  1.90
2000 261  3 38   -2.08  2.07
2000 261  3 39   -0.22 99.99
2000 261  3 40    0.61  1.90
2000 261  3 41    0.20  1.90
2000 261  3 42   -1.23  1.59
2000 261  3 43   -1.60  1.75
2000 261  3 44   -1.04  1.77
2000 261  3 45   -1.49  1.89
2000 261  3 46   -1.40  2.00
2000 261  3 47   -1.72  1.81
2000 261  3 48   -1.79  1.89
2000 261  3 49   -1.31  2.02
2000 261  3 50   -2.85  1.65
2000 261  3 51   -1.51  1.70
2000 261  3 52   -1.75  1.70
2000 261  3 53   -2.59  2.06
2000 261  3 54   -2.41  1.95
2000 261  3 55   -0.97  1.90
2000 261  3 56    0.85 99.99
2000 261  3 57    0.79 99.99
2000 261  3 58    0.66  1.91
2000 261  3 59   -0.17  1.86
2000 261  4  0   -0.66  1.84
2000 261  4  1    0.10  2.11
2000 261  4  2   -0.67  2.05
2000 261  4  3   -1.43  2.08
2000 261  4  4   -1.99  1.90
2000 261  4  5   -0.15  1.81
2000 261  4  6    0.71  1.87
2000 261  4  7    2.89 99.99
2000 261  4  8    2.48 99.99
2000 261  4  9    3.18  1.93
2000 261  4 10    1.78  1.93
2000 261  4 11    2.75  2.39
2000 261  4 12    4.33  2.39
2000 261  4 13    4.60  2.60
2000 261  4 14    5.67  2.59
2000 261  4 15    5.08  2.55
2000 261  4 16    3.39  2.12
2000 261  4 17    0.74  2.04
2000 261  4 18    0.10  2.02
2000 261  4 19    1.58  1.81
2000 261  4 20    0.66  1.82
2000 261  4 21    0.85 99.99
2000 261  4 22    2.73  2.37
2000 261  4 23    1.81  2.37
2000 261  4 24    0.66 99.99
2000 261  4 25   -0.12  2.46
2000 261  4 26    1.13  2.46
2000 261  4 27    0.14  2.14
2000 261  4 28    0.32  2.10
2000 261  4 29   -0.04  2.00
2000 261  4 30   -0.03  2.20
2000 261  4 31    0.08  2.19
2000 261  4 32    0.15  2.09
2000 261  4 33    0.79  2.01
2000 261  4 34    0.83  2.03
2000 261  4 35    1.98  2.12
2000 261  4 36    5.96  2.07
2000 261  4 37    4.94 99.99
2000 261  4 38    3.17  2.22
2000 261  4 39    3.58  2.00
2000 261  4 40    3.67  1.94
2000 261  4 41    3.47  1.98
2000 261  4 42    3.00  2.05
2000 261  4 43    3.39  2.39
2000 261  4 44    2.87  2.48
2000 261  4 45    1.69  2.40
2000 261  4 46    1.58  2.21
2000 261  4 47    2.17  2.29
2000 261  4 48    3.24  2.22
2000 261  4 49    1.60  2.12
2000 261  4 50 9999.99  2.09
2000 261  4 51    3.19 99.99
2000 261  4 52    2.94 99.99
2000 261  4 53    2.73  2.15
2000 261  4 54    2.63  2.15
2000 261  4 55    2.64  2.21
2000 261  4 56    3.67  2.21
2000 261  4 57    4.11 99.99
2000 261  4 58    3.19 99.99
2000 261  4 59    3.19 99.99
2000 261  5  0    1.55  2.09
2000 261  5  1    2.07  2.17
2000 261  5  2    2.06  2.12
2000 261  5  3    2.67  2.22
2000 261  5  4    0.72 99.99
2000 261  5  5    1.91  2.12
2000 261  5  6    3.63  2.14
2000 261  5  7    4.57  2.11
2000 261  5  8    3.69  1.96
2000 261  5  9    3.07  2.26
2000 261  5 10    2.58  2.26
2000 261  5 11   -0.21  2.38
2000 261  5 12   -0.92  2.42
2000 261  5 13   -3.36  2.39
2000 261  5 14   -3.45  2.02
2000 261  5 15   -4.25  2.17
2000 261  5 16   -0.18  2.07
2000 261  5 17    2.70  2.07
2000 261  5 18    2.52  2.15
2000 261  5 19    0.49  2.15
2000 261  5 20   -2.71  2.19
2000 261  5 21   -2.84  2.53
2000 261  5 22   -2.31  2.51
2000 261  5 23   -1.80  2.48
2000 261  5 24   -0.52  2.58
2000 261  5 25   -0.80  2.50
2000 261  5 26   -1.60  2.47
2000 261  5 27   -2.98  2.34
2000 261  5 28   -2.68  2.52
2000 261  5 29   -2.87 99.99
2000 261  5 30   -3.59  2.58
2000 261  5 31   -6.15  2.57
2000 261  5 32   -5.87  2.42
2000 261  5 33   -5.16  2.50
2000 261  5 34   -5.84  2.55
2000 261  5 35   -5.83  2.56
2000 261  5 36   -6.36  2.62
2000 261  5 37   -1.02  2.60
2000 261  5 38    0.07  2.59
2000 261  5 39   -1.54 99.99
2000 261  5 40   -3.04  2.74
2000 261  5 41   -2.58  2.74
2000 261  5 42   -2.43  2.56
2000 261  5 43   -2.29  2.56
2000 261  5 44   -3.41  2.46
2000 261  5 45   -3.33  2.27
2000 261  5 46   -4.58  2.42
2000 261  5 47   -4.51  2.45
2000 261  5 48   -4.70  2.41
2000 261  5 49   -5.33  2.41
2000 261  5 50   -5.85 99.99
2000 261  5 51   -5.81 99.99
2000 261  5 52   -1.99 99.99
2000 261  5 53   -1.42  2.81
2000 261  5 54   -2.49  2.68
2000 261  5 55   -2.46  2.93
2000 261  5 56   -2.93  2.77
2000 261  5 57   -2.74  2.72
2000 261  5 58   -3.58  2.88
2000 261  5 59   -5.29  2.91
2000 261  6  0   -4.12  3.23
2000 261  6  1   -3.96 99.99
2000 261  6  2   -3.94  3.21
2000 261  6  3   -4.38  3.21
2000 261  6  4   -4.92  3.13
2000 261  6  5   -4.92  2.78
2000 261  6  6   -4.42  2.72
2000 261  6  7   -4.39  2.63
2000 261  6  8   -4.29  2.70
2000 261  6  9   -4.11  2.61
2000 261  6 10   -3.83  2.60
2000 261  6 11   -2.93  2.58
2000 261  6 12   -2.34 99.99
2000 261  6 13   -1.95  2.62
2000 261  6 14   -1.89  2.47
2000 261  6 15   -1.25  2.36
2000 261  6 16   -1.66  2.43
2000 261  6 17   -1.97  2.34
2000 261  6 18   -2.52  2.45
2000 261  6 19   -2.03  2.18
2000 261  6 20   -2.15  2.42
2000 261  6 21   -1.69  2.43
2000 261  6 22   -2.57  2.51
2000 261  6 23   -4.20  2.51
2000 261  6 24   -4.53 99.99
2000 261  6 25   -4.90  2.84
2000 261  6 26   -4.23  2.84
2000 261  6 27   -5.44  2.69
2000 261  6 28   -5.36  2.69
2000 261  6 29   -5.04 99.99
2000 261  6 30   -5.01  2.48
2000 261  6 31   -6.10  2.48
2000 261  6 32   -6.79 99.99
2000 261  6 33   -4.26  2.32
2000 261  6 34   -3.40  2.35
2000 261  6 35   -4.86  2.55
2000 261  6 36   -5.10  2.29
2000 261  6 37   -5.67  2.67
2000 261  6 38   -5.92  2.58
2000 261  6 39   -5.73  2.37
2000 261  6 40   -5.20  2.36
2000 261  6 41   -4.96 99.99
2000 261  6 42   -4.61  2.59
2000 261  6 43   -4.25  2.55
2000 261  6 44   -1.30  2.76
2000 261  6 45   -0.02  2.69
2000 261  6 46    0.78  2.66
2000 261  6 47    2.04  2.67
2000 261  6 48    2.16  2.44
2000 261  6 49    4.38  2.45
2000 261  6 50    5.18 99.99
2000 261  6 51    2.90  2.49
2000 261  6 52    2.24  2.49
2000 261  6 53    2.03  2.58
2000 261  6 54    2.39  2.58
2000 261  6 55    2.14 99.99
2000 261  6 56    1.18  2.72
2000 261  6 57    1.87  2.72
2000 261  6 58    2.48 99.99
2000 261  6 59    1.94  2.72
2000 261  7  0    0.39  2.72
2000 261  7  1   -0.30  2.72
2000 261  7  2   -1.26 99.99
2000 261  7  3   -0.77 99.99
2000 261  7  4   -1.04  2.77
2000 261  7  5   -2.82  2.77
2000 261  7  6   -3.37  2.81
2000 261  7  7   -3.50  2.59
2000 261  7  8   -2.98  2.61
2000 261  7  9   -2.26  2.67
2000 261  7 10   -2.33  2.59
2000 261  7 11   -1.89  2.82
2000 261  7 12   -1.30  2.99
2000 261  7 13    1.43  3.08
2000 261  7 14    3.43  2.81
2000 261  7 15    2.64  2.73
2000 261  7 16    1.78  3.08
2000 261  7 17    0.43  3.12
2000 261  7 18   -0.13  3.28
2000 261  7 19   -0.04  3.33
2000 261  7 20    0.06  3.33
2000 261  7 21   -0.06 99.99
2000 261  7 22   -0.29 99.99
2000 261  7 23   -0.65  3.29
2000 261  7 24   -0.47  3.04
2000 261  7 25   -1.18  2.97
2000 261  7 26   -3.97  2.96
2000 261  7 27   -3.80  2.76
2000 261  7 28   -3.38  2.67
2000 261  7 29   -2.05  2.21
2000 261  7 30   -2.04  1.79
2000 261  7 31   -2.07  1.89
2000 261  7 32   -1.44  1.93
2000 261  7 33   -2.32  1.59
2000 261  7 34   -2.00  1.73
2000 261  7 35   -2.05  1.80
2000 261  7 36   -1.48  1.56
2000 261  7 37   -1.76  1.67
2000 261  7 38   -1.23  1.67
2000 261  7 39   -1.03  1.89
2000 261  7 40   -2.26  1.74
2000 261  7 41   -2.65  1.93
2000 261  7 42   -2.58  1.98
2000 261  7 43   -2.46  1.87
2000 261  7 44   -1.66  1.87
2000 261  7 45   -3.11  2.07
2000 261  7 46   -4.26  2.07
2000 261  7 47   -1.65  1.82
2000 261  7 48   -2.16  1.83
2000 261  7 49   -1.67  1.89
2000 261  7 50   -1.79  1.91
2000 261  7 51   -2.89  1.97
2000 261  7 52   -1.72  2.06
2000 261  7 53    2.48 99.99
2000 261  7 54    4.33  2.25
2000 261  7 55    4.36  2.25
2000 261  7 56    4.31  2.16
2000 261  7 57    5.43  2.24
2000 261  7 58    5.68  1.92
2000 261  7 59    4.37  1.87
2000 261  8  0    3.06  2.51
2000 261  8  1    4.05  2.19
2000 261  8  2    5.83  2.05
2000 261  8  3    5.78  1.81
2000 261  8  4    5.51  1.81
2000 261  8  5    4.84  1.81
2000 261  8  6    4.08  2.10
2000 261  8  7    3.44  2.08
2000 261  8  8    4.75  2.12
2000 261  8  9    4.15  2.29
2000 261  8 10    3.96  2.41
2000 261  8 11    3.30  2.39
2000 261  8 12    2.99  2.39
2000 261  8 13    4.47  2.16
2000 261  8 14    3.21  2.16
2000 261  8 15    1.14  2.42
2000 261  8 16    1.73  2.87
2000 261  8 17   -0.36  2.78
2000 261  8 18   -0.95  2.43
2000 261  8 19   -1.22  2.17
2000 261  8 20   -1.93  2.17
2000 261  8 21   -1.11  1.78
2000 261  8 22    1.96  1.87
2000 261  8 23    1.61  2.00
2000 261  8 24    5.59  2.31
2000 261  8 25    5.87  2.31
2000 261  8 26    5.80 99.99
2000 261  8 27    5.18  2.35
2000 261  8 28    5.50  2.40
2000 261  8 29    6.10  2.39
2000 261  8 30    5.91 99.99
2000 261  8 31    6.00 99.99
2000 261  8 32    6.57 99.99
2000 261  8 33    6.61  2.33
2000 261  8 34    6.43  2.33
2000 261  8 35    6.10 99.99
2000 261  8 36    6.55 99.99
2000 261  8 37    5.72  2.72
2000 261  8 38    5.82  2.63
2000 261  8 39    5.42  2.63
2000 261  8 40    5.50  2.77
2000 261  8 41    5.91 99.99
2000 261  8 42    5.37  2.55
2000 261  8 43    5.93  2.45
2000 261  8 44    6.01  2.26
2000 261  8 45    4.67  2.56
2000 261  8 46    4.85 99.99
2000 261  8 47    4.31  2.13
2000 261  8 48    2.10  2.39
2000 261  8 49    2.91  3.08
2000 261  8 50    2.99  2.70
2000 261  8 51    2.29  2.50
2000 261  8 52    3.16  2.54
2000 261  8 53    2.62  2.21
2000 261  8 54    4.29  1.98
2000 261  8 55    5.41  2.29
2000 261  8 56    5.44  2.29
2000 261  8 57    5.54  2.15
2000 261  8 58    5.90  2.24
2000 261  8 59    5.73  2.15
2000 261  9  0    5.60  2.49
2000 261  9  1    5.91  2.57
2000 261  9  2    5.49  2.63
2000 261  9  3    2.43 99.99
2000 261  9  4    1.74  2.18
2000 261  9  5    1.75  2.31
2000 261  9  6    0.93  2.31
2000 261  9  7   -1.00  2.27
2000 261  9  8   -2.96  1.79
2000 261  9  9   -3.60  1.92
2000 261  9 10   -2.58  1.93
2000 261  9 11   -3.53  1.87
2000 261  9 12   -3.51  1.94
2000 261  9 13   -3.72  2.01
2000 261  9 14   -3.26  2.07
2000 261  9 15   -0.53  1.88
2000 261  9 16   -0.51  2.75
2000 261  9 17    0.05  2.76
2000 261  9 18   -0.34  2.10
2000 261  9 19   -2.37  2.26
2000 261  9 20   -3.06  2.23
2000 261  9 21   -3.09  1.98
2000 261  9 22   -3.25  1.96
2000 261  9 23   -2.97  1.83
2000 261  9 24   -4.19  1.73
2000 261  9 25   -3.90  1.74
2000 261  9 26   -3.94  1.85
2000 261  9 27   -4.18  1.88
2000 261  9 28   -3.94  1.91
2000 261  9 29   -3.53  1.89
2000 261  9 30   -2.50  1.93
2000 261  9 31   -0.47  2.05
2000 261  9 32   -0.09  2.05
2000 261  9 33    0.26  1.90
2000 261  9 34    1.02  1.89
2000 261  9 35    2.86  2.05
2000 261  9 36    3.22  2.05
2000 261  9 37    5.47  2.02
2000 261  9 38    6.10  2.17
2000 261  9 39    6.36  2.40
2000 261  9 40    2.67  2.30
2000 261  9 41    7.18  2.03
2000 261  9 42    7.54  2.52
2000 261  9 43    7.59  2.41
2000 261  9 44    4.47  2.30
2000 261  9 45   -5.75  1.88
2000 261  9 46   -6.11  1.89
2000 261  9 47   -5.84  1.96
2000 261  9 48   -5.61  1.90
2000 261  9 49   -5.38  1.81
2000 261  9 50   -4.76  1.74
2000 261  9 51   -4.01  1.73
2000 261  9 52   -2.98  1.75
2000 261  9 53   -1.54  1.93
2000 261  9 54   -1.25  1.88
2000 261  9 55   -1.83  1.87
2000 261  9 56   -1.60  1.86
2000 261  9 57   -1.08  1.83
2000 261  9 58   -0.73  1.76
2000 261  9 59   -0.65  1.73
2000 261 10  0   -0.25  1.70
2000 261 10  1    2.05  1.70
2000 261 10  2    0.30 99.99
2000 261 10  3   -1.14  1.93
2000 261 10  4   -1.67  1.93
2000 261 10  5   -0.52  1.98
2000 261 10  6   -1.16  1.89
2000 261 10  7   -0.98  1.78
2000 261 10  8   -0.26  1.77
2000 261 10  9    1.26 99.99
2000 261 10 10   -0.19 99.99
2000 261 10 11   -1.24  1.68
2000 261 10 12   -1.31  1.85
2000 261 10 13   -0.78  1.87
2000 261 10 14   -0.49  1.98
2000 261 10 15    0.11  1.98
2000 261 10 16   -1.27  1.83
2000 261 10 17   -0.96  1.78
2000 261 10 18   -1.60  1.80
2000 261 10 19   -2.03  1.82
2000 261 10 20   -2.08  1.70
2000 261 10 21   -2.01  1.71
2000 261 10 22   -3.03  1.89
2000 261 10 23   -2.93  1.80
2000 261 10 24   -3.28  1.81
2000 261 10 25   -2.73  1.84
2000 261 10 26   -2.17  1.97
2000 261 10 27   -1.88  2.04
2000 261 10 28   -0.02  1.80
2000 261 10 29   -2.22  1.93
2000 261 10 30    2.19  2.33
2000 261 10 31    0.65  2.13
2000 261 10 32    0.42  1.98
2000 261 10 33   -1.71  1.92
2000 261 10 34    0.49  2.16
2000 261 10 35   -0.51  2.29
2000 261 10 36   -0.85  2.38
2000 261 10 37   -1.44  2.30
2000 261 10 38   -1.96  2.29
2000 261 10 39   -2.04  2.23
2000 261 10 40    3.47  2.23
2000 261 10 41    4.53 99.99
2000 261 10 42    1.82  2.51
2000 261 10 43    1.28  2.42
2000 261 10 44   -2.83  2.04
2000 261 10 45   -3.56  2.07
2000 261 10 46   -4.14  2.21
2000 261 10 47   -4.65  2.03
2000 261 10 48   -4.60  2.05
2000 261 10 49   -3.45  2.22
2000 261 10 50   -1.99  2.47
2000 261 10 51   -2.31  2.74
2000 261 10 52   -3.22  2.41
2000 261 10 53   -2.90  2.48
2000 261 10 54   -3.86  2.69
2000 261 10 55   -4.96  2.56
2000 261 10 56   -7.13  2.48
2000 261 10 57   -7.48  2.37
2000 261 10 58   -7.30  2.29
2000 261 10 59   -6.30  2.73
2000 261 11  0   -6.37  2.73
2000 261 11  1   -6.04 99.99
2000 261 11  2   -6.49  2.47
2000 261 11  3   -6.87  2.52
2000 261 11  4   -6.74  2.50
2000 261 11  5   -6.68  2.50
2000 261 11  6   -6.77  2.48
2000 261 11  7   -6.72  2.48
2000 261 11  8   -5.62  2.55
2000 261 11  9   -4.11  2.58
2000 261 11 10   -4.39 99.99
2000 261 11 11   -4.73  2.48
2000 261 11 12   -4.71  2.48
2000 261 11 13   -4.71 99.99
2000 261 11 14   -4.53 99.99
2000 261 11 15   -4.23  2.43
2000 261 11 16   -3.91  2.55
2000 261 11 17   -3.99  2.69
2000 261 11 18   -3.98  2.71
2000 261 11 19   -3.47 99.99
2000 261 11 20   -2.83  2.52
2000 261 11 21   -2.23  2.53
2000 261 11 22   -2.88  2.50
2000 261 11 23   -2.78  2.63
2000 261 11 24   -2.58  2.77
2000 261 11 25   -2.80  2.58
2000 261 11 26   -1.71  2.71
2000 261 11 27   -0.45  2.67
2000 261 11 28   -0.80  2.77
2000 261 11 29   -0.47  2.74
2000 261 11 30   -0.17  2.60
2000 261 11 31   -0.31  2.70
2000 261 11 32    0.48  2.83
2000 261 11 33    2.45  2.80
2000 261 11 34    3.64  2.67
2000 261 11 35    4.48  2.33
2000 261 11 36    2.29  2.47
2000 261 11 37    1.88  2.43
2000 261 11 38    1.21  2.28
2000 261 11 39    0.50  2.28
2000 261 11 40    1.41  2.47
2000 261 11 41    1.01  2.43
2000 261 11 42    1.25  2.27
2000 261 11 43    1.70  2.29
2000 261 11 44    2.85  2.31
2000 261 11 45    1.72  2.30
2000 261 11 46    2.73  2.33
2000 261 11 47    3.01  2.24
2000 261 11 48    1.87  2.01
2000 261 11 49    3.01  2.08
2000 261 11 50    2.77  2.19
2000 261 11 51    2.39  2.19
2000 261 11 52    3.32 99.99
2000 261 11 53    4.36  1.99
2000 261 11 54    4.09  2.27
2000 261 11 55    4.34  2.12
2000 261 11 56    4.55  2.38
2000 261 11 57    4.91 99.99
2000 261 11 58    2.32  2.41
2000 261 11 59    2.42  2.36
2000 261 12  0   -0.25  2.10
2000 261 12  1   -1.44  2.12
2000 261 12  2   -4.78  2.17
2000 261 12  3   -5.13  2.73
2000 261 12  4   -4.88  2.69
2000 261 12  5   -5.04  2.66
2000 261 12  6   -5.61  2.50
2000 261 12  7   -5.74  2.49
2000 261 12  8   -5.79  2.60
2000 261 12  9   -4.96  2.66
2000 261 12 10   -5.29  2.66
2000 261 12 11   -5.36  2.45
2000 261 12 12   -5.38  2.46
2000 261 12 13   -5.52  2.59
2000 261 12 14   -5.98  2.61
2000 261 12 15   -5.59  2.62
2000 261 12 16   -4.76  2.47
2000 261 12 17   -4.54  2.51
2000 261 12 18   -4.45  2.50
2000 261 12 19   -4.75  2.62
2000 261 12 20   -4.57  2.53
2000 261 12 21   -4.19  2.53
2000 261 12 22   -3.93  2.53
2000 261 12 23   -5.36  2.63
2000 261 12 24   -5.14  2.72
2000 261 12 25   -4.96  2.78
2000 261 12 26   -5.61  2.64
2000 261 12 27   -5.80  2.59
2000 261 12 28   -5.66  2.55
2000 261 12 29   -5.97  2.49
2000 261 12 30   -5.92  2.57
2000 261 12 31   -5.85  2.47
2000 261 12 32   -6.16  2.45
2000 261 12 33   -6.15  2.35
2000 261 12 34   -6.08  2.37
2000 261 12 35   -5.66  2.38
2000 261 12 36   -5.58  2.45
2000 261 12 37   -5.52  2.39
2000 261 12 38   -5.35  2.38
2000 261 12 39   -5.16  2.19
2000 261 12 40   -5.49  2.27
2000 261 12 41   -5.56  2.46
2000 261 12 42   -5.54  2.83
2000 261 12 43   -5.71  2.82
2000 261 12 44   -5.87  2.78
2000 261 12 45   -5.82  2.90
2000 261 12 46   -5.76  2.80
2000 261 12 47   -5.77  2.80
2000 261 12 48   -5.82  2.86
2000 261 12 49   -6.17  2.36
2000 261 12 50   -5.73  2.37
2000 261 12 51   -5.96  2.37
2000 261 12 52   -5.97  2.37
2000 261 12 53   -5.77  2.37
2000 261 12 54   -5.89  2.64
2000 261 12 55   -6.01  2.53
2000 261 12 56   -6.21  2.52
2000 261 12 57   -5.81  2.53
2000 261 12 58   -5.56  2.60
2000 261 12 59   -5.50  2.74
2000 261 13  0   -5.88  2.67
2000 261 13  1   -5.74  2.68
2000 261 13  2   -5.68  2.66
2000 261 13  3   -6.17  2.42
2000 261 13  4   -4.99  2.41
2000 261 13  5   -6.12  2.33
2000 261 13  6   -6.01  2.33
2000 261 13  7   -6.29  2.08
2000 261 13  8   -6.64  2.08
2000 261 13  9   -5.68  2.08
2000 261 13 10   -6.33  1.90
2000 261 13 11   -5.96  1.78
2000 261 13 12   -5.93  2.03
2000 261 13 13   -4.69  2.02
2000 261 13 14   -5.14 99.99
2000 261 13 15   -6.68  2.10
2000 261 13 16   -6.52  2.10
2000 261 13 17   -6.55  2.13
2000 261 13 18   -6.17  2.31
2000 261 13 19   -5.67  2.62
2000 261 13 20   -5.99  2.39
2000 261 13 21   -6.40  2.40
2000 261 13 22   -6.43  2.40
2000 261 13 23   -6.31  2.25
2000 261 13 24   -6.18  2.26
2000 261 13 25   -5.57  2.41
2000 261 13 26   -5.80  2.50
2000 261 13 27   -6.16  2.50
2000 261 13 28   -6.07  2.20
2000 261 13 29   -5.94  2.20
2000 261 13 30   -6.07  2.19
2000 261 13 31   -6.02  2.13
2000 261 13 32   -5.73  2.24
2000 261 13 33   -6.16  2.58
2000 261 13 34   -5.51  2.43
2000 261 13 35   -6.25  2.49
2000 261 13 36   -4.88  2.53
2000 261 13 37   -3.25  2.37
2000 261 13 38   -3.35  2.35
2000 261 13 39   -3.90  2.39
2000 261 13 40   -4.86  2.43
2000 261 13 41   -4.94  2.47
2000 261 13 42   -4.56  2.67
2000 261 13 43   -4.34  2.46
2000 261 13 44   -3.49  2.41
2000 261 13 45   -4.19  2.37
2000 261 13 46   -3.83  2.36
2000 261 13 47   -4.43  2.50
2000 261 13 48   -5.56  2.47
2000 261 13 49   -3.85  2.41
2000 261 13 50    0.88  2.14
2000 261 13 51   -1.45  2.10
2000 261 13 52   -2.57  2.46
2000 261 13 53   -2.72  1.88
2000 261 13 54   -3.11  1.99
2000 261 13 55   -3.51  2.18
2000 261 13 56   -3.98  2.19
2000 261 13 57   -3.30  2.14
2000 261 13 58   -3.38  2.11
2000 261 13 59   -3.30  1.85
2000 261 14  0   -3.40 99.99
2000 261 14  1   -3.62  1.95
2000 261 14  2   -3.79  2.02
2000 261 14  3   -4.06  2.11
2000 261 14  4   -3.95  2.09
2000 261 14  5   -4.31  2.21
2000 261 14  6   -3.88  2.26
2000 261 14  7   -3.90  2.24
2000 261 14  8   -4.05  2.20
2000 261 14  9   -4.02  2.41
2000 261 14 10   -4.08  2.34
2000 261 14 11   -4.26  2.08
2000 261 14 12   -4.01  2.11
2000 261 14 13   -4.58  2.20
2000 261 14 14   -4.27  2.25
2000 261 14 15   -4.29  2.25
2000 261 14 16   -3.38  2.02
2000 261 14 17   -3.35  2.24
2000 261 14 18   -3.01  2.48
2000 261 14 19   -4.57  2.53
2000 261 14 20   -3.98  2.71
2000 261 14 21   -3.31  2.97
2000 261 14 22   -3.50  3.38
2000 261 14 23   -3.32  3.41
2000 261 14 24   -3.64  3.54
2000 261 14 25   -2.73  3.89
2000 261 14 26   -0.39  2.64
2000 261 14 27   -1.13  2.26
2000 261 14 28   -2.05  2.19
2000 261 14 29   -1.52  2.20
2000 261 14 30   -0.66  2.23
2000 261 14 31   -2.86  2.63
2000 261 14 32   -4.09  2.63
2000 261 14 33   -3.52  3.54
2000 261 14 34   -3.34  3.54
2000 261 14 35   -2.78  3.77
2000 261 14 36   -2.11  4.21
2000 261 14 37   -2.96  4.41
2000 261 14 38   -2.78  4.88
2000 261 14 39   -2.98  4.80
2000 261 14 40   -2.92  4.73
2000 261 14 41   -2.93  4.29
2000 261 14 42   -3.14  3.95
2000 261 14 43   -2.84  3.84
2000 261 14 44   -1.72  4.33
2000 261 14 45   -1.03  4.83
2000 261 14 46   -0.20  5.10
2000 261 14 47    0.10  5.61
2000 261 14 48    0.14 99.99
2000 261 14 49    0.51  5.60
2000 261 14 50    1.10  5.60
2000 261 14 51    1.03  6.26
2000 261 14 52    1.46  5.97
2000 261 14 53    3.03  5.71
2000 261 14 54    3.04  5.35
2000 261 14 55    3.38  5.33
2000 261 14 56    2.97  5.33
2000 261 14 57    3.70  5.57
2000 261 14 58    3.48  5.70
2000 261 14 59    3.55  5.68
2000 261 15  0    3.30  5.64
2000 261 15  1    2.88  5.90
2000 261 15  2    2.29  6.26
2000 261 15  3    3.68  5.87
2000 261 15  4    3.04  5.94
2000 261 15  5    3.35  5.94
2000 261 15  6    3.71  5.48
2000 261 15  7    3.86  5.57
2000 261 15  8    2.75  5.95
2000 261 15  9    3.77  5.92
2000 261 15 10    3.92  5.85
2000 261 15 11    4.11  5.93
2000 261 15 12    4.48  5.84
2000 261 15 13    4.79  5.84
2000 261 15 14    4.82  5.73
2000 261 15 15    4.57  5.91
2000 261 15 16    3.93  6.08
2000 261 15 17    4.21  6.22
2000 261 15 18    4.53  6.29
2000 261 15 19    4.40  6.29
2000 261 15 20    4.11  6.08
2000 261 15 21    4.00  6.52
2000 261 15 22    4.56  6.20
2000 261 15 23    4.08  6.57
2000 261 15 24    4.68  6.44
2000 261 15 25    4.33  6.42
2000 261 15 26    3.87  6.46
2000 261 15 27    3.53  6.77
2000 261 15 28    3.72  7.02
2000 261 15 29    4.60  6.89
2000 261 15 30    4.71  6.86
2000 261 15 31    4.82  6.90
2000 261 15 32    4.84  6.99
2000 261 15 33    4.90  7.10
2000 261 15 34    5.78  6.25
2000 261 15 35    5.60  6.41
2000 261 15 36    5.33  6.63
2000 261 15 37    5.48  6.68
2000 261 15 38    5.10  6.86
2000 261 15 39    5.61  6.70
2000 261 15 40    5.59  6.55
2000 261 15 41    5.29  5.59
2000 261 15 42    0.28  5.14
2000 261 15 43    0.64  5.56
2000 261 15 44   -1.37  5.66
2000 261 15 45   -0.92  5.04
2000 261 15 46   -0.34  5.43
2000 261 15 47   -0.95  3.28
2000 261 15 48   -0.04  3.49
2000 261 15 49    0.45  3.31
2000 261 15 50   -0.49  3.28
2000 261 15 51   -1.86  3.58
2000 261 15 52   -0.51  3.53
2000 261 15 53   -1.34  3.51
2000 261 15 54   -2.38  3.53
2000 261 15 55   -2.21  3.57
2000 261 15 56   -2.05  3.62
2000 261 15 57   -2.23  4.54
2000 261 15 58   -2.95  4.54
2000 261 15 59   -0.44  5.36
2000 261 16  0    2.69  5.55
2000 261 16  1    4.36 99.99
2000 261 16  2    4.15  4.95
2000 261 16  3    3.98  4.90
2000 261 16  4    4.03 99.99
2000 261 16  5    5.04  4.79
2000 261 16  6    5.84  6.29
2000 261 16  7    6.49  7.40
2000 261 16  8    6.37  5.99
2000 261 16  9    7.12  9.26
2000 261 16 10   10.03 10.32
2000 261 16 11    9.64 10.64
2000 261 16 12    8.81 10.91
2000 261 16 13    8.59 10.95
2000 261 16 14    9.32 14.63
2000 261 16 15    9.03 14.22
2000 261 16 16    6.17 11.80
2000 261 16 17    7.89 11.80
2000 261 16 18    7.46 14.52
2000 261 16 19   12.45 13.30
2000 261 16 20   11.72 12.72
2000 261 16 21   15.06 11.32
2000 261 16 22    3.49  9.24
2000 261 16 23    3.81  9.18
2000 261 16 24    2.95 10.06
2000 261 16 25    1.06 11.75
2000 261 16 26   -0.05 11.91
2000 261 16 27    0.55 12.25
2000 261 16 28   -4.74 11.67
2000 261 16 29   -1.87 11.37
2000 261 16 30   -2.57 12.84
2000 261 16 31   -3.57 11.07
2000 261 16 32    1.08 10.25
2000 261 16 33    1.64  8.74
2000 261 16 34   -0.44  9.14
2000 261 16 35   -3.36  9.52
2000 261 16 36   -6.90  9.52
2000 261 16 37   -5.14 99.99
2000 261 16 38   -4.71  7.81
2000 261 16 39   -3.14  7.75
2000 261 16 40   -0.62  7.71
2000 261 16 41   -1.19  7.74
2000 261 16 42   -0.71  6.64
2000 261 16 43    4.11  6.64
2000 261 16 44    3.45  7.86
2000 261 16 45    2.32  7.63
2000 261 16 46    0.85  6.71
2000 261 16 47    0.88  6.77
2000 261 16 48   -2.54  7.13
2000 261 16 49   -3.08  7.13
2000 261 16 50   -2.91  5.21
2000 261 16 51   -2.46  5.21
2000 261 16 52   -2.67  6.50
2000 261 16 53   -0.94  6.59
2000 261 16 54    2.06  8.06
2000 261 16 55    0.80  8.09
2000 261 16 56    3.56  8.08
2000 261 16 57    4.34  8.22
2000 261 16 58    8.19 10.35
2000 261 16 59    7.89 10.93
2000 261 17  0    6.66 14.06
2000 261 17  1    6.63 14.06
2000 261 17  2    9.10 14.54
2000 261 17  3    8.33 14.54
2000 261 17  4    9.21 13.96
2000 261 17  5   10.16 15.18
2000 261 17  6   10.71 12.71
2000 261 17  7   10.05 13.56
2000 261 17  8    8.47 12.21
2000 261 17  9    6.95 12.69
2000 261 17 10    6.69 12.56
2000 261 17 11    7.25 12.60
2000 261 17 12    8.45 11.62
2000 261 17 13    4.79 11.62
2000 261 17 14    4.94 12.83
2000 261 17 15    3.14 13.01
2000 261 17 16   -0.31 12.03
2000 261 17 17    0.04 11.15
2000 261 17 18   -0.73 13.67
2000 261 17 19    0.19 11.48
2000 261 17 20   -1.21 11.70
2000 261 17 21    7.05 11.02
2000 261 17 22    9.95  5.83
2000 261 17 23    9.87  5.92
2000 261 17 24    8.47  5.77
2000 261 17 25   10.27  6.45
2000 261 17 26    7.93  6.39
2000 261 17 27    7.25 99.99
2000 261 17 28   13.03 99.99
2000 261 17 29   24.61 99.99
2000 261 17 30   25.13 12.39
2000 261 17 31   31.92 11.29
2000 261 17 32   31.60 10.95
2000 261 17 33   32.39 11.68
2000 261 17 34   26.77 11.68
2000 261 17 35   22.89 99.99
2000 261 17 36   24.48 99.99
2000 261 17 37   30.83 99.99
2000 261 17 38   34.08 14.34
2000 261 17 39   32.65 12.21
2000 261 17 40   30.37 10.79
2000 261 17 41   27.37 11.71
2000 261 17 42   27.06 11.71
2000 261 17 43   24.22 11.71
2000 261 17 44   23.93 10.68
2000 261 17 45   24.27 11.58
2000 261 17 46   19.88 12.57
2000 261 17 47   20.03 99.99
2000 261 17 48   20.22 12.72
2000 261 17 49   20.19 12.72
2000 261 17 50   20.84 99.99
2000 261 17 51   19.59 99.99
2000 261 17 52   19.50 11.90
2000 261 17 53   19.54 12.02
2000 261 17 54   17.31 12.18
2000 261 17 55   16.37 13.91
2000 261 17 56   20.72 13.91
2000 261 17 57   22.33 10.57
2000 261 17 58   20.27 10.61
2000 261 17 59   20.79 99.99
2000 261 18  0   21.88 10.89
2000 261 18  1   22.48 10.89
2000 261 18  2   13.01  9.68
2000 261 18  3   14.47  9.91
2000 261 18  4   11.91  9.67
2000 261 18  5   16.16  9.61
2000 261 18  6   12.16  9.03
2000 261 18  7    2.71  8.12
2000 261 18  8    1.00  9.18
2000 261 18  9    2.63  8.60
2000 261 18 10    0.65  8.35
2000 261 18 11    3.25  8.29
2000 261 18 12    2.70  6.92
2000 261 18 13    1.91  9.03
2000 261 18 14    3.01 10.78
2000 261 18 15    6.73  9.81
2000 261 18 16    8.16 99.99
2000 261 18 17   12.35 11.49
2000 261 18 18    1.72  9.51
2000 261 18 19    8.93  9.26
2000 261 18 20   28.65  9.26
2000 261 18 21   27.10  8.95
2000 261 18 22   22.20  9.75
2000 261 18 23   27.52 13.10
2000 261 18 24   27.83 14.17
2000 261 18 25   27.74 13.75
2000 261 18 26   26.83 12.40
2000 261 18 27   23.45 10.79
2000 261 18 28   25.55 17.07
2000 261 18 29   26.97 17.09
2000 261 18 30   25.72 17.81
2000 261 18 31   26.78 99.99
2000 261 18 32   25.17 12.29
2000 261 18 33   24.33 12.41
2000 261 18 34   25.14 11.40
2000 261 18 35   24.11 11.47
2000 261 18 36   24.66 10.29
2000 261 18 37   27.45 11.53
2000 261 18 38   26.83 12.41
2000 261 18 39   25.94 12.17
2000 261 18 40   29.24 11.38
2000 261 18 41   30.74 11.93
2000 261 18 42   30.48 11.47
2000 261 18 43   30.67 10.88
2000 261 18 44   30.30 10.20
2000 261 18 45   30.06 10.50
2000 261 18 46   31.59  9.54
2000 261 18 47   32.46  9.95
2000 261 18 48   32.71  9.96
2000 261 18 49   32.36  8.95
2000 261 18 50   32.16  9.86
2000 261 18 51   32.04  9.43
2000 261 18 52   31.19  9.73
2000 261 18 53   32.04  9.99
2000 261 18 54   32.44 10.03
2000 261 18 55   32.34  8.86
2000 261 18 56   32.48  9.36
2000 261 18 57   31.19  9.83
2000 261 18 58   31.75  9.07
2000 261 18 59   31.40  8.85
2000 261 19  0   31.07  7.69
2000 261 19  1   30.97  8.31
2000 261 19  2   28.38  8.97
2000 261 19  3   29.52  9.33
2000 261 19  4   27.41  9.48
2000 261 19  5   26.65 10.61
2000 261 19  6   23.00 10.61
2000 261 19  7   23.34 99.99
2000 261 19  8   22.06 11.37
2000 261 19  9   25.60 13.00
2000 261 19 10   29.77  8.41
2000 261 19 11   29.61  8.63
2000 261 19 12   28.27  9.92
2000 261 19 13   26.05 99.99
2000 261 19 14   26.69 99.99
2000 261 19 15   25.84 99.99
2000 261 19 16   26.03 99.99
2000 261 19 17   25.23 11.22
2000 261 19 18   20.64 12.14
2000 261 19 19   15.94 14.47
2000 261 19 20    9.56 18.81
2000 261 19 21   -4.12 19.33
2000 261 19 22  -13.10 19.04
2000 261 19 23  -12.45 18.48
2000 261 19 24  -10.71 17.79
2000 261 19 25    2.35 15.48
2000 261 19 26    8.39 18.47
2000 261 19 27    6.77 20.43
2000 261 19 28   16.12 19.78
2000 261 19 29   15.16 16.46
2000 261 19 30   19.17 12.70
2000 261 19 31   18.37 12.66
2000 261 19 32   15.58 15.58
2000 261 19 33   14.87  9.50
2000 261 19 34   19.77  9.21
2000 261 19 35   16.14  9.01
2000 261 19 36   14.88 99.99
2000 261 19 37   15.63  8.03
2000 261 19 38    4.09 12.68
2000 261 19 39    1.97 14.10
2000 261 19 40    3.95 14.20
2000 261 19 41   -0.60 12.36
2000 261 19 42   -6.50 12.87
2000 261 19 43   -7.42 14.88
2000 261 19 44   -6.08 14.95
2000 261 19 45   -5.22 14.36
2000 261 19 46   -7.50 13.56
2000 261 19 47   -7.96 13.48
2000 261 19 48   -9.38 13.70
2000 261 19 49  -10.20 14.44
2000 261 19 50  -12.44 14.74
2000 261 19 51  -12.91 15.52
2000 261 19 52  -13.87 14.37
2000 261 19 53  -12.95 14.58
2000 261 19 54  -12.41 16.20
2000 261 19 55  -12.58 15.38
2000 261 19 56  -11.45 17.53
2000 261 19 57   -8.79 15.20
2000 261 19 58   -4.83 14.75
2000 261 19 59    2.11 99.99
2000 261 20  0   -4.57 15.91
2000 261 20  1  -10.07 15.03
2000 261 20  2  -13.60 14.57
2000 261 20  3  -15.16 16.75
2000 261 20  4  -10.76 14.66
2000 261 20  5   -7.83 14.58
2000 261 20  6   -8.12 14.19
2000 261 20  7   -8.03 15.08
2000 261 20  8   -8.12 14.50
2000 261 20  9  -10.30 13.87
2000 261 20 10   -8.19 14.83
2000 261 20 11   -7.86 15.18
2000 261 20 12  -14.17 17.77
2000 261 20 13  -12.30 14.68
2000 261 20 14  -13.45 13.12
2000 261 20 15  -10.84 99.99
2000 261 20 16   -8.64 12.25
2000 261 20 17   -8.30 12.36
2000 261 20 18  -10.55 13.25
2000 261 20 19  -12.05 14.34
2000 261 20 20   -7.97 10.93
2000 261 20 21   -6.82 11.22
2000 261 20 22   -7.75 13.65
2000 261 20 23   -9.77 14.26
2000 261 20 24   -9.63 12.43
2000 261 20 25  -10.05 12.43
2000 261 20 26  -10.05 99.99
2000 261 20 27   -9.49 99.99
2000 261 20 28   -7.63 12.04
2000 261 20 29   -7.77 12.04
2000 261 20 30   -7.54 99.99
2000 261 20 31   -8.01 11.84
2000 261 20 32   -8.02 11.84
2000 261 20 33   -8.85 11.75
2000 261 20 34   -8.40 11.69
2000 261 20 35   -8.03 12.18
2000 261 20 36  -11.52 12.89
2000 261 20 37   -9.50 13.03
2000 261 20 38   -8.43 13.07
2000 261 20 39   -9.06 12.48
2000 261 20 40  -13.00 15.79
2000 261 20 41  -15.08 19.19
2000 261 20 42  -15.32 19.16
2000 261 20 43  -12.59 17.38
2000 261 20 44  -14.35 17.35
2000 261 20 45   -8.50 99.99
2000 261 20 46   -9.22 99.99
2000 261 20 47  -10.04 15.97
2000 261 20 48  -10.11 16.99
2000 261 20 49  -10.29 17.06
2000 261 20 50   -9.52 15.58
2000 261 20 51   -7.29 15.58
2000 261 20 52   -7.09 15.06
2000 261 20 53   -6.85 15.06
2000 261 20 54   -7.12 15.36
2000 261 20 55   -9.98 15.36
2000 261 20 56  -12.89 16.85
2000 261 20 57  -12.37 17.90
2000 261 20 58  -13.69 18.66
2000 261 20 59  -16.24 17.66
2000 261 21  0  -16.32 20.76
2000 261 21  1  -18.65 21.06
2000 261 21  2  -19.69 23.21
2000 261 21  3  -20.06 23.21
2000 261 21  4  -19.40 19.91
2000 261 21  5  -19.63 22.88
2000 261 21  6  -20.55 23.61
2000 261 21  7  -21.56 23.39
2000 261 21  8  -21.43 21.91
2000 261 21  9  -20.16 24.90
2000 261 21 10  -20.76 22.32
2000 261 21 11  -19.38 22.32
2000 261 21 12  -19.55 22.32
2000 261 21 13  -19.55 99.99
2000 261 21 14  -18.74 23.98
2000 261 21 15  -18.32 23.98
2000 261 21 16  -19.46 99.99
2000 261 21 17  -13.58 22.98
2000 261 21 18  -11.97 23.24
2000 261 21 19  -12.26 23.01
2000 261 21 20  -19.16 25.12
2000 261 21 21  -28.95 26.28
2000 261 21 22  -30.06 27.37
2000 261 21 23  -30.34 26.79
2000 261 21 24  -30.73 28.09
2000 261 21 25  -31.12 29.77
2000 261 21 26  -27.20 31.79
2000 261 21 27  -29.26 33.19
2000 261 21 28  -27.01 26.24
2000 261 21 29  -27.06 24.11
2000 261 21 30  -29.02 23.67
2000 261 21 31  -28.28 26.16
2000 261 21 32  -32.30 26.16
2000 261 21 33  -32.40 99.99
2000 261 21 34  -31.26 99.99
2000 261 21 35  -29.07 99.99
2000 261 21 36 9999.99 99.99
2000 261 21 37  -26.89 27.65
2000 261 21 38  -24.74 27.65
2000 261 21 39  -25.76 26.81
2000 261 21 40  -24.04 26.05
2000 261 21 41  -28.78 32.05
2000 261 21 42  -26.59 22.88
2000 261 21 43  -28.73 23.05
2000 261 21 44  -27.14 20.25
2000 261 21 45  -27.14 99.99
2000 261 21 46  -26.06 25.34
2000 261 21 47  -25.34 25.34
2000 261 21 48  -26.54 24.37
2000 261 21 49  -27.91 24.37
2000 261 21 50  -28.08 26.77
2000 261 21 51  -24.27 26.77
2000 261 21 52  -26.46 24.23
2000 261 21 53  -26.87 24.23
2000 261 21 54  -23.00 25.56
2000 261 21 55  -20.26 25.78
2000 261 21 56  -19.89 26.77
2000 261 21 57  -13.93 25.69
2000 261 21 58  -17.59 27.64
2000 261 21 59  -29.30 25.46
2000 261 22  0  -28.71 26.59
2000 261 22  1  -24.61 28.81
2000 261 22  2  -11.20 29.29
2000 261 22  3  -28.53 29.35
2000 261 22  4  -37.26 13.11
2000 261 22  5  -32.25 13.11
2000 261 22  6  -26.75 14.46
2000 261 22  7  -24.58 17.65
2000 261 22  8  -32.64 18.94
2000 261 22  9  -35.13 15.54
2000 261 22 10  -30.92 20.26
2000 261 22 11  -30.57 22.74
2000 261 22 12  -23.92 15.22
2000 261 22 13  -11.72 31.33
2000 261 22 14  -12.56 26.53
2000 261 22 15  -14.36 26.46
2000 261 22 16    3.08 22.77
2000 261 22 17   19.65 17.70
2000 261 22 18    8.18 12.58
2000 261 22 19  -16.43 11.60
2000 261 22 20   -8.71 15.65
2000 261 22 21    6.01 20.89
2000 261 22 22  -10.66 20.97
2000 261 22 23  -21.73 17.66
2000 261 22 24  -28.11 13.31
2000 261 22 25  -24.41 12.79
2000 261 22 26  -25.25 13.51
2000 261 22 27  -24.25 13.67
2000 261 22 28  -23.92 14.67
2000 261 22 29  -25.63 12.66
2000 261 22 30  -23.31 13.84
2000 261 22 31  -20.61 17.17
2000 261 22 32  -15.29 13.39
2000 261 22 33  -15.58 13.39
2000 261 22 34  -18.38 99.99
2000 261 22 35  -23.58 99.99
2000 261 22 36  -21.48 14.34
2000 261 22 37  -18.56 13.18
2000 261 22 38  -21.76 11.15
2000 261 22 39  -20.11 10.61
2000 261 22 40  -17.23 10.62
2000 261 22 41  -15.40  9.07
2000 261 22 42  -21.80  9.07
2000 261 22 43  -21.84  7.98
2000 261 22 44  -19.21  8.03
2000 261 22 45  -21.97  8.40
2000 261 22 46  -16.85  8.43
2000 261 22 47   -3.08 99.99
2000 261 22 48   -9.88 10.03
2000 261 22 49  -10.89  9.33
2000 261 22 50  -13.15  8.90
2000 261 22 51  -15.65 11.06
2000 261 22 52  -16.09 12.14
2000 261 22 53  -15.17 99.99
2000 261 22 54  -18.44 13.00
2000 261 22 55  -18.02 13.00
2000 261 22 56  -18.02 99.99
2000 261 22 57 9999.99 99.99
2000 261 22 58  -17.64 99.99
2000 261 22 59  -14.32 99.99
2000 261 23  0    4.22 10.57
2000 261 23  1    2.39 10.97
2000 261 23  2   13.79  9.76
2000 261 23  3   16.26 11.14
2000 261 23  4   16.40 11.91
2000 261 23  5   14.90 12.06
2000 261 23  6   16.74 12.01
2000 261 23  7   12.32 12.37
2000 261 23  8   12.76 11.36
2000 261 23  9   12.84 12.00
2000 261 23 10   11.89 14.45
2000 261 23 11    7.04 13.75
2000 261 23 12    3.93 12.86
2000 261 23 13    1.86 11.42
2000 261 23 14   -2.84 12.10
2000 261 23 15    0.33 11.59
2000 261 23 16    3.09 12.59
2000 261 23 17   -4.07 11.30
2000 261 23 18    2.79 12.50
2000 261 23 19    0.18 13.32
2000 261 23 20   -2.10 12.41
2000 261 23 21    0.30 15.72
2000 261 23 22    9.66 16.02
2000 261 23 23    4.64 15.96
2000 261 23 24   -0.34 15.70
2000 261 23 25  -11.30 16.42
2000 261 23 26  -13.36 18.45
2000 261 23 27  -14.51 18.81
2000 261 23 28  -14.05 18.22
2000 261 23 29  -15.55 19.17
2000 261 23 30  -15.93 18.64
2000 261 23 31  -16.94 17.21
2000 261 23 32  -17.39 17.60
2000 261 23 33  -17.19 17.31
2000 261 23 34  -17.35 17.30
2000 261 23 35  -16.96 17.10
2000 261 23 36  -17.89 17.10
2000 261 23 37  -19.59 15.31
2000 261 23 38  -17.80 15.46
2000 261 23 39  -12.47 15.59
2000 261 23 40  -12.61 15.60
2000 261 23 41  -16.01 15.92
2000 261 23 42  -14.07 15.16
2000 261 23 43  -16.95 14.97
2000 261 23 44   -0.86 10.16
2000 261 23 45  -21.78 10.16
2000 261 23 46  -22.25 11.71
2000 261 23 47  -21.99 11.62
2000 261 23 48  -19.45 12.51
2000 261 23 49  -20.79 99.99
2000 261 23 50  -17.59 12.24
2000 261 23 51  -15.10 11.50
2000 261 23 52  -11.91 10.30
2000 261 23 53   -9.87 10.23
2000 261 23 54   -7.92 99.99
2000 261 23 55    1.59 10.58
2000 261 23 56   11.63 14.58
2000 261 23 57    8.70 12.91
2000 261 23 58    7.63 12.53
2000 261 23 59    8.32 99.99
2000 262  0  0    7.53 13.98
2000 262  0  1    6.98 13.81
2000 262  0  2    7.52 13.50
2000 262  0  3    7.59 12.95
2000 262  0  4    8.73 13.92
2000 262  0  5    8.42 14.35
2000 262  0  6    7.36 14.76
2000 262  0  7    8.32 11.64
2000 262  0  8    9.02 11.19
2000 262  0  9    8.93 10.06
2000 262  0 10    9.22 11.14
2000 262  0 11    9.00  7.64
2000 262  0 12    9.24  7.57
2000 262  0 13    7.15  7.99
2000 262  0 14    6.41  8.87
2000 262  0 15    6.68  8.14
2000 262  0 16    9.22  8.21
2000 262  0 17    6.72 10.47
2000 262  0 18    3.88 10.87
2000 262  0 19    7.46  8.09
2000 262  0 20    8.11  7.70
2000 262  0 21    7.86  6.77
2000 262  0 22    7.83  5.92
2000 262  0 23   10.44  7.81
2000 262  0 24   10.13  7.93
2000 262  0 25    7.40  7.16
2000 262  0 26    8.69 12.96
2000 262  0 27   12.77 18.91
2000 262  0 28   11.16 20.73
2000 262  0 29    8.58 24.62
2000 262  0 30    7.03 17.27
2000 262  0 31    6.44 16.69
2000 262  0 32    7.50 22.31
2000 262  0 33    7.63 22.31
2000 262  0 34    7.67 25.01
2000 262  0 35   13.16 26.01
2000 262  0 36   14.02 23.78
2000 262  0 37   13.74 23.71
2000 262  0 38   16.30 20.49
2000 262  0 39   15.11 22.92
2000 262  0 40   16.39 20.35
2000 262  0 41   16.65 20.35
2000 262  0 42   16.51 21.91
2000 262  0 43   16.11 21.91
2000 262  0 44   16.10 20.94
2000 262  0 45   16.81 21.20
2000 262  0 46   17.07 24.19
2000 262  0 47   17.88 22.15
2000 262  0 48   17.78 22.15
2000 262  0 49   17.28 99.99
2000 262  0 50   18.17 23.13
2000 262  0 51   19.18 23.13
2000 262  0 52   19.80 99.99
2000 262  0 53   18.68 22.11
2000 262  0 54   20.67 20.30
2000 262  0 55   22.16 15.32
2000 262  0 56   21.93 14.19
2000 262  0 57   21.96 14.02
2000 262  0 58   23.76 14.75
2000 262  0 59   23.54 14.94
2000 262  1  0   22.75 15.11
2000 262  1  1   18.42 15.33
2000 262  1  2   20.45 16.56
2000 262  1  3   19.63 11.41
2000 262  1  4   21.11 11.58
2000 262  1  5   21.09 15.37
2000 262  1  6   22.02 13.49
2000 262  1  7   20.97 13.80
2000 262  1  8   15.50 12.44
2000 262  1  9   16.45  8.76
2000 262  1 10   18.89  9.72
2000 262  1 11   19.50  8.31
2000 262  1 12   19.27 11.17
2000 262  1 13   19.19 11.16
2000 262  1 14   20.93 14.32
2000 262  1 15   20.49 13.49
2000 262  1 16   18.26 15.34
2000 262  1 17   17.51 15.29
2000 262  1 18   17.60 16.67
2000 262  1 19   18.60 13.21
2000 262  1 20   19.17 12.68
2000 262  1 21   19.24 13.21
2000 262  1 22   20.44 11.73
2000 262  1 23   21.07 10.30
2000 262  1 24   20.75 99.99
2000 262  1 25   22.00 10.54
2000 262  1 26   21.86 10.33
2000 262  1 27   21.84  8.95
2000 262  1 28   21.50 15.06
2000 262  1 29   22.09 12.94
2000 262  1 30   25.13 10.26
2000 262  1 31   25.47 14.97
2000 262  1 32   24.45 17.23
2000 262  1 33   22.06 20.84
2000 262  1 34   22.78 20.20
2000 262  1 35   22.06 17.50
2000 262  1 36   21.61 14.89
2000 262  1 37   22.29 15.56
2000 262  1 38   23.35 14.89
2000 262  1 39   23.50 14.83
2000 262  1 40   23.90 14.82
2000 262  1 41   24.18 14.20
2000 262  1 42   23.72 12.57
2000 262  1 43   23.15 13.51
2000 262  1 44   23.54 11.09
2000 262  1 45   23.87 12.39
2000 262  1 46   23.90 11.15
2000 262  1 47   23.74 10.34
2000 262  1 48   21.27  9.07
2000 262  1 49   21.50  8.51
2000 262  1 50   20.71  8.44
2000 262  1 51   21.17 10.34
2000 262  1 52   21.63  7.60
2000 262  1 53   21.29  7.08
2000 262  1 54   20.45  6.93
2000 262  1 55   20.94  6.82
2000 262  1 56   21.14  7.16
2000 262  1 57   22.38  7.16
2000 262  1 58   19.75 10.90
2000 262  1 59   20.57 10.90
2000 262  2  0   21.10 10.61
2000 262  2  1   20.64  9.00
2000 262  2  2   22.53  9.90
2000 262  2  3   22.25  9.90
2000 262  2  4   22.24  9.94
2000 262  2  5   23.08  9.90
2000 262  2  6   22.67  9.20
2000 262  2  7   23.18  9.81
2000 262  2  8   24.66  8.97
2000 262  2  9   23.82  9.66
2000 262  2 10   22.72 10.63
2000 262  2 11   22.50 11.03
2000 262  2 12   22.51 11.55
2000 262  2 13   22.69 10.84
2000 262  2 14   21.60  9.94
2000 262  2 15   19.29 11.57
2000 262  2 16   19.67 10.73
2000 262  2 17   20.12 11.97
2000 262  2 18   20.66 10.41
2000 262  2 19   20.18  9.96
2000 262  2 20   19.86 11.17
2000 262  2 21   20.03 10.84
2000 262  2 22   19.14  8.99
2000 262  2 23   21.00  9.88
2000 262  2 24   17.97  9.33
2000 262  2 25   20.65 12.10
2000 262  2 26   21.38 12.00
2000 262  2 27   20.13 10.46
2000 262  2 28   20.05 10.47
2000 262  2 29   20.35 10.47
2000 262  2 30   20.73 10.66
2000 262  2 31   22.25 10.66
2000 262  2 32   21.90 99.99
2000 262  2 33   20.97  9.82
2000 262  2 34   19.48 10.01
2000 262  2 35   18.52 10.09
2000 262  2 36   20.10 10.28
2000 262  2 37   18.08  9.31
2000 262  2 38   17.59  8.33
2000 262  2 39   17.58  7.13
2000 262  2 40   15.73  8.11
2000 262  2 41   15.66  8.51
2000 262  2 42   14.66  7.94
2000 262  2 43   13.09  7.36
2000 262  2 44   13.98  8.13
2000 262  2 45   14.75  8.09
2000 262  2 46   14.43  7.79
2000 262  2 47   14.23  7.51
2000 262  2 48   11.57  7.48
2000 262  2 49   11.58  7.59
2000 262  2 50   11.55  6.75
2000 262  2 51   10.84  8.51
2000 262  2 52   10.21  8.81
2000 262  2 53   11.70  7.99
2000 262  2 54   11.83  7.01
2000 262  2 55   13.20  8.51
2000 262  2 56   13.07  8.85
2000 262  2 57   12.96  9.16
2000 262  2 58   13.77  9.16
2000 262  2 59   14.68 99.99
2000 262  3  0   15.63  8.30
2000 262  3  1   15.70  8.33
2000 262  3  2   15.29  9.26
2000 262  3  3   15.94  8.81
2000 262  3  4   16.81  8.86
2000 262  3  5   16.39  9.91
2000 262  3  6   16.20  9.38
2000 262  3  7   17.03  9.87
2000 262  3  8   19.31 11.80
2000 262  3  9   19.12 10.87
2000 262  3 10   19.28 10.19
2000 262  3 11   19.26 11.45
2000 262  3 12   19.48 11.61
2000 262  3 13   19.83  9.41
2000 262  3 14   20.41  8.07
2000 262  3 15   22.23  8.93
2000 262  3 16   22.33  8.44
2000 262  3 17   21.40  8.96
2000 262  3 18   20.29  9.21
2000 262  3 19   19.91  7.48
2000 262  3 20   20.15  6.48
2000 262  3 21   18.77  6.78
2000 262  3 22   18.38  6.61
2000 262  3 23   17.50  6.34
2000 262  3 24   17.36  6.27
2000 262  3 25   17.39  6.53
2000 262  3 26   17.48  6.94
2000 262  3 27   16.56  6.60
2000 262  3 28   15.09  6.91
2000 262  3 29   14.34  6.05
2000 262  3 30   13.89  5.61
2000 262  3 31   13.41  5.95
2000 262  3 32   11.73  6.44
2000 262  3 33   10.70  5.97
2000 262  3 34   18.56  5.94
2000 262  3 35   18.13  6.02
2000 262  3 36   18.12  6.20
2000 262  3 37   12.64  8.16
2000 262  3 38   12.56  8.25
2000 262  3 39   14.68  9.07
2000 262  3 40   21.30 10.44
2000 262  3 41   24.14  9.61
2000 262  3 42   26.53  8.50
2000 262  3 43   26.56  8.97
2000 262  3 44   26.91  6.35
2000 262  3 45   26.51  6.68
2000 262  3 46   25.63  7.22
2000 262  3 47   26.87  5.47
2000 262  3 48   24.58  5.70
2000 262  3 49   19.06  9.35
2000 262  3 50   19.45  8.39
2000 262  3 51   17.67  7.73
2000 262  3 52   14.66  6.61
2000 262  3 53   15.30  7.18
2000 262  3 54   17.85  9.24
2000 262  3 55   17.53  8.85
2000 262  3 56   16.03  8.58
2000 262  3 57   15.65  8.77
2000 262  3 58   16.54 10.09
2000 262  3 59   14.74  8.35
2000 262  4  0    8.87 10.87
2000 262  4  1   10.49 10.87
2000 262  4  2    9.26  6.18
2000 262  4  3   15.05  6.97
2000 262  4  4   14.33  8.02
2000 262  4  5   15.77 99.99
2000 262  4  6   16.18  6.82
2000 262  4  7   15.31  6.90
2000 262  4  8   13.54  7.91
2000 262  4  9   13.83  8.66
2000 262  4 10   13.23  7.41
2000 262  4 11   11.78  8.20
2000 262  4 12   13.86  8.56
2000 262  4 13   19.97  8.36
2000 262  4 14   25.61  7.69
2000 262  4 15   25.86  4.95
2000 262  4 16   26.54  4.72
2000 262  4 17   26.21  4.53
2000 262  4 18   28.08  4.53
2000 262  4 19   28.50  4.15
2000 262  4 20   26.71  4.53
2000 262  4 21   27.50  4.75
2000 262  4 22   23.39  5.23
2000 262  4 23   28.08  5.01
2000 262  4 24   27.09  5.01
2000 262  4 25   27.49  4.29
2000 262  4 26   26.35  4.29
2000 262  4 27   22.80  4.67
2000 262  4 28   21.92  4.66
2000 262  4 29   20.32  5.87
2000 262  4 30   22.28  5.89
2000 262  4 31   20.45  6.15
2000 262  4 32   16.65  6.15
2000 262  4 33   14.76  5.79
2000 262  4 34   15.87  5.79
2000 262  4 35   18.16  6.02
2000 262  4 36   20.51  5.48
2000 262  4 37   18.44  5.87
2000 262  4 38   14.79  5.87
2000 262  4 39   18.53  5.35
2000 262  4 40   21.84  5.91
2000 262  4 41   21.22  5.34
2000 262  4 42   23.14  5.80
2000 262  4 43   18.70 99.99
2000 262  4 44   18.68 99.99
2000 262  4 45   17.34  4.37
2000 262  4 46   17.81  7.11
2000 262  4 47   15.37  6.78
2000 262  4 48   19.55  8.84
2000 262  4 49   19.88  8.84
2000 262  4 50   20.55  5.10
2000 262  4 51   18.73  4.73
2000 262  4 52   20.00  4.40
2000 262  4 53   20.44  6.02
2000 262  4 54   19.40  6.02
2000 262  4 55   19.53  5.40
2000 262  4 56   20.85  4.31
2000 262  4 57   21.13  5.80
2000 262  4 58   17.66  6.76
2000 262  4 59   13.90  5.34
2000 262  5  0   13.03  5.59
2000 262  5  1    7.69  5.36
2000 262  5  2    4.72  4.85
2000 262  5  3    3.79  4.58
2000 262  5  4    2.33  4.97
2000 262  5  5   -0.93  3.94
2000 262  5  6    2.38  4.61
2000 262  5  7    3.42  4.16
2000 262  5  8    0.71  3.86
2000 262  5  9    1.29 99.99
2000 262  5 10    2.31  3.91
2000 262  5 11    1.81  3.91
2000 262  5 12    1.19 99.99
2000 262  5 13    3.13  3.37
2000 262  5 14    2.70  3.37
2000 262  5 15    2.71  3.41
2000 262  5 16    2.92  3.41
2000 262  5 17    2.65 99.99
2000 262  5 18    2.56  3.77
2000 262  5 19    2.11  3.53
2000 262  5 20    1.09  3.53
2000 262  5 21    0.39  3.51
2000 262  5 22    1.94  3.51
2000 262  5 23    1.79  3.62
2000 262  5 24    6.25  3.54
2000 262  5 25    8.16  3.77
2000 262  5 26    7.93  5.14
2000 262  5 27    6.66  4.28
2000 262  5 28    5.51  4.53
2000 262  5 29    5.78  4.31
2000 262  5 30    5.96  3.73
2000 262  5 31    6.87  4.19
2000 262  5 32    7.44  3.77
2000 262  5 33    5.32  4.41
2000 262  5 34    6.08  3.92
2000 262  5 35    7.86  4.84
2000 262  5 36    8.45  3.59
2000 262  5 37    5.50  3.54
2000 262  5 38    6.36  3.37
2000 262  5 39    7.17  3.00
2000 262  5 40    6.17  3.42
2000 262  5 41    6.98  3.40
2000 262  5 42    6.46  3.35
2000 262  5 43    6.70 99.99
2000 262  5 44    6.16  3.13
2000 262  5 45    5.21  3.39
2000 262  5 46    7.17  3.42
2000 262  5 47    7.50  3.18
2000 262  5 48    7.15  3.10
2000 262  5 49    7.87 99.99
2000 262  5 50    8.41  2.91
2000 262  5 51    7.99  2.72
2000 262  5 52    8.01  3.38
2000 262  5 53    8.19 99.99
2000 262  5 54    8.00  3.51
2000 262  5 55    8.47  3.29
2000 262  5 56    6.66  3.34
2000 262  5 57    7.82  2.93
2000 262  5 58    8.28  2.91
2000 262  5 59    9.22  3.35
2000 262  6  0   10.25  3.60
2000 262  6  1    9.85  4.18
2000 262  6  2    8.90  3.89
2000 262  6  3    9.89  3.54
2000 262  6  4   10.48  3.03
2000 262  6  5   10.55  3.00
2000 262  6  6   10.90  3.46
2000 262  6  7   11.53  3.40
2000 262  6  8   11.47  3.62
2000 262  6  9   10.31  3.30
2000 262  6 10   10.06  3.27
2000 262  6 11    9.77  3.38
2000 262  6 12    9.87  3.42
2000 262  6 13   10.04  3.18
2000 262  6 14    9.18  2.92
2000 262  6 15   10.44  3.61
2000 262  6 16   11.63  2.98
2000 262  6 17    6.83  3.21
2000 262  6 18    7.42 99.99
2000 262  6 19    8.87  3.66
2000 262  6 20   10.86  3.95
2000 262  6 21    3.47 99.99
2000 262  6 22    6.89 99.99
2000 262  6 23    6.57  3.23
2000 262  6 24    6.87  2.66
2000 262  6 25    7.26  3.17
2000 262  6 26    8.00  2.59
2000 262  6 27    7.96  3.61
2000 262  6 28    7.48  3.59
2000 262  6 29    8.10  3.51
2000 262  6 30    7.76  3.44
2000 262  6 31    6.06  2.85
2000 262  6 32    5.59  2.64
2000 262  6 33    4.95  2.95
2000 262  6 34    8.92  3.91
2000 262  6 35    9.07  4.03
2000 262  6 36    9.47  3.65
2000 262  6 37   12.13  3.03
2000 262  6 38   12.46  2.96
2000 262  6 39    9.48  2.00
2000 262  6 40   11.01  2.01
2000 262  6 41   11.19  2.23
2000 262  6 42   10.78  2.59
2000 262  6 43   10.28  1.73
2000 262  6 44   10.79  2.50
2000 262  6 45   11.38  2.23
2000 262  6 46   10.98  2.39
2000 262  6 47   11.16  2.33
2000 262  6 48    5.60  1.89
2000 262  6 49    9.65  1.81
2000 262  6 50   10.14 99.99
2000 262  6 51   10.36  2.04
2000 262  6 52   10.30  2.04
2000 262  6 53   10.87 99.99
2000 262  6 54   10.45  2.63
2000 262  6 55   11.95  2.79
2000 262  6 56   13.55  3.13
2000 262  6 57   11.58  2.83
2000 262  6 58    8.89  2.42
2000 262  6 59    8.69 99.99
2000 262  7  0    8.58 99.99
2000 262  7  1    8.81 99.99
2000 262  7  2    9.15  2.27
2000 262  7  3    8.47  2.15
2000 262  7  4    7.93  1.90
2000 262  7  5    6.60  2.22
2000 262  7  6    7.12  1.96
2000 262  7  7    7.65  1.69
2000 262  7  8   10.72  2.67
2000 262  7  9   13.70  2.45
2000 262  7 10   12.61  2.76
2000 262  7 11   12.62  2.39
2000 262  7 12   12.50  2.39
2000 262  7 13   12.07  2.61
2000 262  7 14   12.19  2.74
2000 262  7 15   12.55  3.03
2000 262  7 16   11.90  3.79
2000 262  7 17   11.58  3.23
2000 262  7 18   11.07  3.23
2000 262  7 19   10.85  3.30
2000 262  7 20   10.92  3.33
2000 262  7 21   11.15  3.32
2000 262  7 22   11.11  2.96
2000 262  7 23   11.16  3.58
2000 262  7 24   11.85  3.62
2000 262  7 25   12.19  3.33
2000 262  7 26   11.83  3.81
2000 262  7 27   11.35  3.65
2000 262  7 28   11.01  3.66
2000 262  7 29   10.77  3.79
2000 262  7 30   10.98  3.05
2000 262  7 31   10.27  2.96
2000 262  7 32    9.67  2.74
2000 262  7 33    8.86  2.76
2000 262  7 34    8.95  2.61
2000 262  7 35    8.25  2.54
2000 262  7 36    8.34  2.14
2000 262  7 37    8.48  2.51
2000 262  7 38    8.03  2.64
2000 262  7 39    8.05  2.88
2000 262  7 40    7.39  2.31
2000 262  7 41    7.54  2.30
2000 262  7 42    7.68  2.35
2000 262  7 43    7.79  2.90
2000 262  7 44    7.37  2.58
2000 262  7 45    7.91  2.94
2000 262  7 46    7.56  3.43
2000 262  7 47    7.30  3.65
2000 262  7 48    7.68  2.89
2000 262  7 49    6.25  2.73
2000 262  7 50    5.91  2.24
2000 262  7 51    6.69  2.22
2000 262  7 52    6.56  2.01
2000 262  7 53    6.84  2.24
2000 262  7 54    7.17  1.85
2000 262  7 55    7.24  2.42
2000 262  7 56    6.07  2.47
2000 262  7 57    4.84  1.76
2000 262  7 58    5.61  2.26
2000 262  7 59    8.00  2.35
2000 262  8  0    8.49  2.64
2000 262  8  1   11.47  3.11
2000 262  8  2   10.55  2.63
2000 262  8  3   10.40  3.03
2000 262  8  4   10.79  2.53
2000 262  8  5   10.14  2.90
2000 262  8  6    9.46  2.75
2000 262  8  7    8.68  2.72
2000 262  8  8    9.17  2.50
2000 262  8  9    8.80  3.21
2000 262  8 10    8.25  2.63
2000 262  8 11    6.27  2.89
2000 262  8 12    6.01  2.53
2000 262  8 13    5.35  2.56
2000 262  8 14    4.69  2.46
2000 262  8 15    4.48  2.62
2000 262  8 16    4.42  2.48
2000 262  8 17    5.84  2.38
2000 262  8 18    7.48  2.52
2000 262  8 19    8.79  2.69
2000 262  8 20    9.24  2.69
2000 262  8 21   10.25  2.72
2000 262  8 22   10.49  2.98
2000 262  8 23   10.35  3.14
2000 262  8 24   10.81  3.05
2000 262  8 25   10.65  2.84
2000 262  8 26   10.35  2.77
2000 262  8 27    8.85  3.33
2000 262  8 28    7.33  3.39
2000 262  8 29    7.80  2.39
2000 262  8 30    9.11  2.30
2000 262  8 31    8.50  2.61
2000 262  8 32    8.84  2.68
2000 262  8 33    9.52  2.67
2000 262  8 34    9.49  2.05
2000 262  8 35    9.84  2.05
2000 262  8 36    9.80 99.99
2000 262  8 37    9.16  2.92
2000 262  8 38    8.36  2.31
2000 262  8 39   11.11  4.21
2000 262  8 40   10.63  4.63
2000 262  8 41   11.57  4.62
2000 262  8 42   11.39  4.47
2000 262  8 43   10.76  3.69
2000 262  8 44   10.63  5.22
2000 262  8 45   12.05  4.60
2000 262  8 46   10.11  4.25
2000 262  8 47    9.17  3.81
2000 262  8 48   10.11  3.14
2000 262  8 49   10.81  4.28
2000 262  8 50   10.45  4.83
2000 262  8 51    9.29  3.85
2000 262  8 52    7.45  3.64
2000 262  8 53    7.46  3.71
2000 262  8 54    6.91  4.05
2000 262  8 55    7.67  4.42
2000 262  8 56    7.58  5.03
2000 262  8 57    7.34  4.78
2000 262  8 58    7.39  4.50
2000 262  8 59    8.82  3.36
2000 262  9  0    6.80  3.86
2000 262  9  1    5.33  6.44
2000 262  9  2    6.00  5.57
2000 262  9  3    6.07  5.49
2000 262  9  4    7.11  6.71
2000 262  9  5    2.01  6.17
2000 262  9  6    1.88  6.33
2000 262  9  7    1.25  4.33
2000 262  9  8    2.09  4.33
2000 262  9  9    3.02  5.46
2000 262  9 10    1.86  7.44
2000 262  9 11    2.38  6.95
2000 262  9 12    2.69  7.53
2000 262  9 13    4.50  7.99
2000 262  9 14    7.71  6.25
2000 262  9 15    7.77  6.51
2000 262  9 16    8.49  6.56
2000 262  9 17    8.08  5.33
2000 262  9 18    7.56  5.23
2000 262  9 19    9.74  4.01
2000 262  9 20   11.15  3.66
2000 262  9 21   11.03  4.11
2000 262  9 22   10.34  4.11
2000 262  9 23    9.28 99.99
2000 262  9 24    9.57  6.04
2000 262  9 25    9.77  5.00
2000 262  9 26    9.82  4.80
2000 262  9 27   11.33  4.79
2000 262  9 28   13.20  4.90
2000 262  9 29   12.96  6.73
2000 262  9 30   12.89  6.55
2000 262  9 31   10.81  7.06
2000 262  9 32   11.00  5.32
2000 262  9 33   10.35  7.35
2000 262  9 34    9.51  4.67
2000 262  9 35    9.58  4.78
2000 262  9 36    9.94  5.36
2000 262  9 37   10.20  5.37
2000 262  9 38   10.07  5.28
2000 262  9 39    9.45  5.37
2000 262  9 40    9.04  5.40
2000 262  9 41    8.79  5.31
2000 262  9 42    8.68  5.24
2000 262  9 43    8.88  5.08
2000 262  9 44    8.19  5.08
2000 262  9 45    8.44  4.23
2000 262  9 46    8.63  4.24
2000 262  9 47    8.88  4.21
2000 262  9 48    9.10  4.41
2000 262  9 49    9.81  4.21
2000 262  9 50    9.94  3.32
2000 262  9 51   10.20  3.45
2000 262  9 52    7.36  5.15
2000 262  9 53    7.09  4.75
2000 262  9 54    6.92  4.33
2000 262  9 55    4.44  3.60
2000 262  9 56    2.18  4.03
2000 262  9 57    4.77  5.61
2000 262  9 58    3.62  5.76
2000 262  9 59    2.43  5.63
2000 262 10  0    3.79  5.67
2000 262 10  1    6.63  7.24
2000 262 10  2   10.96  8.16
2000 262 10  3   12.49  8.33
2000 262 10  4   11.55  7.70
2000 262 10  5    6.08  7.19
2000 262 10  6    1.21  7.07
2000 262 10  7    2.21  6.11
2000 262 10  8    3.63  5.63
2000 262 10  9    1.10  5.94
2000 262 10 10    0.01  6.68
2000 262 10 11   -2.52  6.26
2000 262 10 12    7.65  5.87
2000 262 10 13    9.09  6.20
2000 262 10 14    4.12  6.89
2000 262 10 15    9.05  6.46
2000 262 10 16   10.43  5.48
2000 262 10 17   11.94  3.68
2000 262 10 18    9.53  3.37
2000 262 10 19    4.67  3.30
2000 262 10 20    3.29  3.02
2000 262 10 21    4.74  2.95
2000 262 10 22    6.14  3.28
2000 262 10 23    6.88  2.87
2000 262 10 24    7.36  2.62
2000 262 10 25    7.04  2.70
2000 262 10 26    6.68  2.60
2000 262 10 27    6.07  2.40
2000 262 10 28    5.92  2.91
2000 262 10 29    5.23  2.92
2000 262 10 30    5.56  2.64
2000 262 10 31    5.98  2.87
2000 262 10 32    6.33  2.87
2000 262 10 33    5.95  3.07
2000 262 10 34    6.26  3.11
2000 262 10 35    6.49  3.15
2000 262 10 36    5.33  3.02
2000 262 10 37    3.62  3.11
2000 262 10 38    3.97  3.21
2000 262 10 39    5.23  3.23
2000 262 10 40    6.55  3.46
2000 262 10 41    4.24  3.75
2000 262 10 42    3.26  3.61
2000 262 10 43    3.84  2.87
2000 262 10 44    4.10  2.84
2000 262 10 45    4.19  2.78
2000 262 10 46    4.30  2.96
2000 262 10 47    3.61  2.58
2000 262 10 48    2.06  2.12
2000 262 10 49    2.61  2.06
2000 262 10 50    3.64  2.02
2000 262 10 51    4.52  1.96
2000 262 10 52    3.52  1.75
2000 262 10 53    5.44  1.75
2000 262 10 54    5.27  1.71
2000 262 10 55    2.93  1.71
2000 262 10 56    3.57  2.03
2000 262 10 57    3.96  2.18
2000 262 10 58    7.79  3.27
2000 262 10 59   13.12  3.92
2000 262 11  0   13.85  4.85
2000 262 11  1   16.95  4.32
2000 262 11  2   16.07  3.07
2000 262 11  3   15.39  3.08
2000 262 11  4   15.40  3.14
2000 262 11  5   14.33  3.67
2000 262 11  6   14.31  4.75
2000 262 11  7   16.39  5.34
2000 262 11  8   16.08  5.96
2000 262 11  9   15.88  5.85
2000 262 11 10   15.39  5.57
2000 262 11 11   15.26  5.16
2000 262 11 12   14.94  4.79
2000 262 11 13   14.76  5.73
2000 262 11 14   15.25  5.19
2000 262 11 15   14.29  4.58
2000 262 11 16   15.04 99.99
2000 262 11 17   14.82  6.63
2000 262 11 18   15.99  6.63
2000 262 11 19   14.57  5.80
2000 262 11 20   17.91  6.12
2000 262 11 21   14.54  6.81
2000 262 11 22    2.51  6.14
2000 262 11 23    6.26  4.24
2000 262 11 24    8.28  3.89
2000 262 11 25    9.48  3.39
2000 262 11 26    9.36  2.69
2000 262 11 27    8.13  3.84
2000 262 11 28    8.41  3.96
2000 262 11 29    8.25  4.53
2000 262 11 30    8.29  4.21
2000 262 11 31    9.61  4.20
2000 262 11 32    8.65  4.19
2000 262 11 33    7.21  4.05
2000 262 11 34    8.14  3.54
2000 262 11 35    7.62  2.88
2000 262 11 36    8.19  3.17
2000 262 11 37    7.99  3.66
2000 262 11 38    7.74  4.17
2000 262 11 39    8.05  4.82
2000 262 11 40    8.77  4.82
2000 262 11 41    8.86  5.12
2000 262 11 42    8.56  5.13
2000 262 11 43    6.17 99.99
2000 262 11 44    7.35 99.99
2000 262 11 45   11.68  5.42
2000 262 11 46   13.34  4.60
2000 262 11 47   12.48  4.52
2000 262 11 48    8.33  4.69
2000 262 11 49    7.05  4.10
2000 262 11 50    8.84  3.86
2000 262 11 51    0.61  4.39
2000 262 11 52    8.44  5.30
2000 262 11 53   17.87  4.53
2000 262 11 54   15.51  3.00
2000 262 11 55   14.23  2.79
2000 262 11 56   15.21  3.03
2000 262 11 57   15.14  2.76
2000 262 11 58   15.25  2.94
2000 262 11 59   14.46  2.85
2000 262 12  0   14.59  2.76
2000 262 12  1   14.60  2.54
2000 262 12  2   13.10  2.52
2000 262 12  3   12.33  3.40
2000 262 12  4   12.27  3.89
2000 262 12  5   11.67  3.51
2000 262 12  6   11.20  3.79
2000 262 12  7   10.80  3.56
2000 262 12  8   11.47  3.51
2000 262 12  9   10.51  3.76
2000 262 12 10    9.93  3.62
2000 262 12 11    9.21  3.48
2000 262 12 12    3.94  4.36
2000 262 12 13    5.07  4.74
2000 262 12 14    5.35  4.37
2000 262 12 15    5.72  4.35
2000 262 12 16    6.38  3.27
2000 262 12 17    5.28  3.16
2000 262 12 18    1.87  2.96
2000 262 12 19   -0.98  3.27
2000 262 12 20   -1.90  3.90
2000 262 12 21   -3.00  3.65
2000 262 12 22   -4.64  3.14
2000 262 12 23   -5.21  2.72
2000 262 12 24   -5.91  2.76
2000 262 12 25   -5.15  2.71
2000 262 12 26    1.90  2.56
2000 262 12 27    0.01  3.27
2000 262 12 28    2.29  3.35
2000 262 12 29    2.44  3.38
2000 262 12 30    3.37  3.56
2000 262 12 31    2.29  3.78
2000 262 12 32    1.32  3.81
2000 262 12 33    1.14  3.93
2000 262 12 34    1.34  3.41
2000 262 12 35    1.64  3.30
2000 262 12 36    1.84  3.67
2000 262 12 37    1.31  3.36
2000 262 12 38    1.96  3.47
2000 262 12 39    1.82  3.44
2000 262 12 40    1.47  2.99
2000 262 12 41    1.62  2.95
2000 262 12 42    1.35  3.41
2000 262 12 43    0.58  3.43
2000 262 12 44    0.20  3.06
2000 262 12 45   -0.83  3.89
2000 262 12 46   -0.63  3.89
2000 262 12 47   -1.20 99.99
2000 262 12 48   -1.18 99.99
2000 262 12 49   -1.15  3.04
2000 262 12 50   -0.55  3.60
2000 262 12 51   -1.05  3.25
2000 262 12 52   -3.13  3.05
2000 262 12 53   -3.45  2.72
2000 262 12 54   -3.05  2.72
2000 262 12 55   -3.14 99.99
2000 262 12 56   -3.70  3.09
2000 262 12 57   -2.93  3.09
2000 262 12 58   -3.28  2.49
2000 262 12 59   -3.20  2.49
2000 262 13  0   -2.40  3.07
2000 262 13  1   -2.06  3.07
2000 262 13  2   -2.73  2.63
2000 262 13  3   -2.43  2.74
2000 262 13  4   -2.43  3.74
2000 262 13  5   -2.44  3.01
2000 262 13  6   -2.18  3.01
2000 262 13  7   -2.30  3.43
2000 262 13  8   -2.46  3.07
2000 262 13  9   -2.79  2.82
2000 262 13 10   -3.27  3.34
2000 262 13 11   -4.52  2.65
2000 262 13 12   -4.42  2.61
2000 262 13 13   -4.16  2.87
2000 262 13 14   -2.41  2.94
2000 262 13 15   -1.86  3.30
2000 262 13 16   -2.07  2.90
2000 262 13 17   -2.89  3.00
2000 262 13 18   -4.63  2.57
2000 262 13 19   -5.70  2.76
2000 262 13 20   -5.87  2.50
2000 262 13 21   -6.25  2.46
2000 262 13 22   -4.42  2.75
2000 262 13 23   -4.21  2.66
2000 262 13 24   -5.17  3.00
2000 262 13 25   -5.92  2.53
2000 262 13 26   -6.03  2.66
2000 262 13 27   -0.94  2.37
2000 262 13 28    3.53  3.61
2000 262 13 29    2.93  3.14
2000 262 13 30    3.02  3.17
2000 262 13 31    2.98  3.39
2000 262 13 32    2.83  2.91
2000 262 13 33    1.35  3.02
2000 262 13 34    1.04  2.71
2000 262 13 35    0.39  3.28
2000 262 13 36   -1.00  2.81
2000 262 13 37   -1.40  3.38
2000 262 13 38   -1.25  3.25
2000 262 13 39   -1.39  3.75
2000 262 13 40   -1.90  3.14
2000 262 13 41   -2.05  3.37
2000 262 13 42   -2.07  3.05
2000 262 13 43   -1.86  2.96
2000 262 13 44    0.04  3.14
2000 262 13 45    2.56  2.05
2000 262 13 46    0.66  2.62
2000 262 13 47   -0.76  2.49
2000 262 13 48    0.11  2.48
2000 262 13 49    0.20  2.05
2000 262 13 50    0.38  2.33
2000 262 13 51    0.23  2.39
2000 262 13 52   -0.57  2.43
2000 262 13 53   -0.17  2.14
2000 262 13 54    0.41  2.31
2000 262 13 55   -0.20  2.46
2000 262 13 56   -0.51  3.01
2000 262 13 57    0.08  2.62
2000 262 13 58    1.10  2.36
2000 262 13 59    0.98  2.36
2000 262 14  0    1.16  2.05
2000 262 14  1    1.10  2.05
2000 262 14  2    2.46  2.21
2000 262 14  3    0.21  2.40
2000 262 14  4    1.31  2.08
2000 262 14  5    1.13  1.96
2000 262 14  6    1.45  1.92
2000 262 14  7    4.62  2.33
2000 262 14  8    5.48  2.34
2000 262 14  9    5.56  2.43
2000 262 14 10    5.40  2.62
2000 262 14 11    8.34  2.41
2000 262 14 12    6.53  3.04
2000 262 14 13    2.71  2.58
2000 262 14 14    1.84  1.98
2000 262 14 15    2.14  2.15
2000 262 14 16    4.57  2.15
2000 262 14 17    4.89  2.38
2000 262 14 18    3.21  2.32
2000 262 14 19    2.03  1.95
2000 262 14 20    1.35  2.22
2000 262 14 21    1.94  2.26
2000 262 14 22    2.12  2.25
2000 262 14 23    1.89  2.24
2000 262 14 24    1.75  2.17
2000 262 14 25    1.20  2.06
2000 262 14 26    0.88  2.09
2000 262 14 27    0.64  2.02
2000 262 14 28    0.11  1.83
2000 262 14 29   -1.11  2.18
2000 262 14 30   -3.75  3.15
2000 262 14 31   -2.30  3.50
2000 262 14 32   -1.97  3.50
2000 262 14 33   -0.68  2.02
2000 262 14 34   -1.23  3.14
2000 262 14 35   -2.57  3.09
2000 262 14 36   -0.55  3.04
2000 262 14 37    1.93  2.50
2000 262 14 38    2.64  2.57
2000 262 14 39    6.96  2.51
2000 262 14 40    9.20  2.57
2000 262 14 41   11.00  2.91
2000 262 14 42   13.13  3.23
2000 262 14 43   13.93  2.99
2000 262 14 44   11.69  8.28
2000 262 14 45  -10.20 14.36
2000 262 14 46  -12.41 14.09
2000 262 14 47  -11.75 14.60
2000 262 14 48  -11.90 16.25
2000 262 14 49  -12.06 99.99
2000 262 14 50  -11.55 15.94
2000 262 14 51   -5.74 17.61
2000 262 14 52   -4.99 15.35
2000 262 14 53   -5.85 15.18
2000 262 14 54   -5.18 14.13
2000 262 14 55   -5.98 14.40
2000 262 14 56   -8.84 14.88
2000 262 14 57   -9.43 13.67
2000 262 14 58   -9.30 13.97
2000 262 14 59   -9.68 12.43
2000 262 15  0   -9.10 12.75
2000 262 15  1   -8.79 12.93
2000 262 15  2   -8.63 11.97
2000 262 15  3   -8.54 11.97
2000 262 15  4   -8.36 11.98
2000 262 15  5   -8.28 11.98
2000 262 15  6   -8.27 99.99
2000 262 15  7   -8.28 99.99
2000 262 15  8   -7.46 15.99
2000 262 15  9   -5.18 15.99
2000 262 15 10   -4.19 16.29
2000 262 15 11   -4.36 15.72
2000 262 15 12   -4.51 16.01
2000 262 15 13   -4.37 15.37
2000 262 15 14   -5.10 15.09
2000 262 15 15   -7.15 14.25
2000 262 15 16   -5.87 13.50
2000 262 15 17    3.82 12.73
2000 262 15 18   10.77 10.89
2000 262 15 19   10.79 11.17
2000 262 15 20   11.24 10.96
2000 262 15 21   10.98 10.14
2000 262 15 22   10.97 10.90
2000 262 15 23   11.16 10.99
2000 262 15 24   10.78 12.03
2000 262 15 25   10.50 12.20
2000 262 15 26   10.94 12.29
2000 262 15 27   11.48 11.27
2000 262 15 28   10.42 11.63
2000 262 15 29   10.57 11.94
2000 262 15 30   10.92 12.85
2000 262 15 31   11.00 13.03
2000 262 15 32   11.07 12.41
2000 262 15 33   11.26 12.35
2000 262 15 34   10.61 10.94
2000 262 15 35   10.88 10.56
2000 262 15 36   10.97 10.57
2000 262 15 37    4.28  5.76
2000 262 15 38    3.04  2.96
2000 262 15 39    5.78  2.71
2000 262 15 40    8.40  2.83
2000 262 15 41    7.03  2.82
2000 262 15 42    9.11  2.82
2000 262 15 43    7.85  2.75
2000 262 15 44    6.65  2.63
2000 262 15 45    5.50  2.59
2000 262 15 46    4.98  2.46
2000 262 15 47    4.82  2.46
2000 262 15 48    2.89  2.94
2000 262 15 49    2.84  2.94
2000 262 15 50    0.57  2.51
2000 262 15 51    0.27  2.93
2000 262 15 52    2.29  2.80
2000 262 15 53    2.95  2.58
2000 262 15 54    1.88  2.52
2000 262 15 55    1.89  2.52
2000 262 15 56    2.19  2.57
2000 262 15 57    0.58  2.88
2000 262 15 58    1.32  3.04
2000 262 15 59    2.02  2.75
2000 262 16  0    2.04  3.21
2000 262 16  1    1.96  3.00
2000 262 16  2    2.65  2.48
2000 262 16  3    2.00  2.98
2000 262 16  4    1.82  2.38
2000 262 16  5    2.57  2.63
2000 262 16  6    1.63  2.58
2000 262 16  7    2.15  2.74
2000 262 16  8    1.85  2.34
2000 262 16  9    1.83  2.61
2000 262 16 10    1.09  2.61
2000 262 16 11    0.43 99.99
2000 262 16 12    0.95 99.99
2000 262 16 13    1.69  2.83
2000 262 16 14    1.59  2.77
2000 262 16 15    2.34  2.53
2000 262 16 16    3.01  2.61
2000 262 16 17    3.08  2.16
2000 262 16 18    2.80  2.13
2000 262 16 19    2.15  2.12
2000 262 16 20    2.26  2.70
2000 262 16 21    2.68  2.27
2000 262 16 22    2.72  2.18
2000 262 16 23    2.82  2.18
2000 262 16 24    2.30  1.94
2000 262 16 25    2.35  2.13
2000 262 16 26    2.17  2.36
2000 262 16 27    1.82  2.35
2000 262 16 28    0.97  2.16
2000 262 16 29    0.17  2.07
2000 262 16 30    0.20  1.50
2000 262 16 31    3.62  2.06
2000 262 16 32    1.18  2.59
2000 262 16 33   -0.28  2.33
2000 262 16 34   -0.23  2.43
2000 262 16 35    0.03  2.49
2000 262 16 36    3.29  2.30
2000 262 16 37    0.44  2.23
2000 262 16 38    2.01  2.55
2000 262 16 39    2.92  2.42
2000 262 16 40    4.41  2.40
2000 262 16 41 9999.99  2.34
2000 262 16 42    3.68 99.99
2000 262 16 43 9999.99 99.99
2000 262 16 44   -1.36 99.99
2000 262 16 45    3.72  2.35
2000 262 16 46    1.99  1.99
2000 262 16 47    3.07  2.53
2000 262 16 48    2.88  2.40
2000 262 16 49    2.02  2.08
2000 262 16 50    2.57  2.41
2000 262 16 51    1.74  2.42
2000 262 16 52   -0.41 99.99
2000 262 16 53    1.31  2.50
2000 262 16 54   -0.33  2.50
2000 262 16 55    0.01 99.99
2000 262 16 56   -2.00  2.23
2000 262 16 57    2.43  2.23
2000 262 16 58    1.85  2.23
2000 262 16 59    2.29  2.24
2000 262 17  0    2.43  2.30
2000 262 17  1    2.78  2.16
2000 262 17  2    3.30  2.34
2000 262 17  3    4.69  2.26
2000 262 17  4    5.35  2.26
2000 262 17  5    5.59  2.94
2000 262 17  6    5.50  2.94
2000 262 17  7    4.68  2.66
2000 262 17  8    3.87  2.83
2000 262 17  9    4.25  3.08
2000 262 17 10    4.06  3.07
2000 262 17 11    4.49  2.71
2000 262 17 12    7.10  2.72
2000 262 17 13    7.50  2.69
2000 262 17 14    6.98  2.90
2000 262 17 15    6.61  3.02
2000 262 17 16    8.44  2.79
2000 262 17 17    8.06  2.60
2000 262 17 18    2.55  2.42
2000 262 17 19    1.06  2.59
2000 262 17 20    1.39  2.54
2000 262 17 21    1.39  2.42
2000 262 17 22    1.12  2.54
2000 262 17 23    1.61  2.74
2000 262 17 24    1.00  2.16
2000 262 17 25    1.41  2.58
2000 262 17 26    1.73  2.72
2000 262 17 27    1.10  2.68
2000 262 17 28    1.17  2.50
2000 262 17 29    0.97  3.11
2000 262 17 30    0.88  2.92
2000 262 17 31    1.30  2.77
2000 262 17 32    0.88  2.44
2000 262 17 33    1.10  2.63
2000 262 17 34    0.45  2.54
2000 262 17 35    0.78  2.54
2000 262 17 36    1.23  2.71
2000 262 17 37    0.89  2.97
2000 262 17 38    1.24  2.90
2000 262 17 39    0.94  2.78
2000 262 17 40    1.45  2.78
2000 262 17 41    0.54  2.85
2000 262 17 42   -0.48  3.30
2000 262 17 43   -0.96  3.09
2000 262 17 44   -1.27  2.65
2000 262 17 45   -2.57  2.79
2000 262 17 46   -2.88  2.26
2000 262 17 47   -2.79  2.26
2000 262 17 48   -2.66  2.43
2000 262 17 49 9999.99  2.43
2000 262 17 50 9999.99 99.99
2000 262 17 51 9999.99 99.99
2000 262 17 52 9999.99 99.99
2000 262 17 53 9999.99 99.99
2000 262 17 54 9999.99 99.99
2000 262 17 55 9999.99 99.99
2000 262 17 56 9999.99 99.99
2000 262 17 57 9999.99 99.99
2000 262 17 58 9999.99 99.99
2000 262 17 59 9999.99 99.99
2000 262 18  0   -3.92 99.99
2000 262 18  1   -4.69  3.32
2000 262 18  2   -4.42  2.98
2000 262 18  3   -3.81  3.14
2000 262 18  4   -3.42 99.99
2000 262 18  5   -3.44 99.99
2000 262 18  6   -3.33  2.10
2000 262 18  7   -3.84  2.15
2000 262 18  8   -3.50  2.54
2000 262 18  9   -3.86  2.81
2000 262 18 10   -3.96  2.85
2000 262 18 11   -4.22  2.64
2000 262 18 12   -3.88  3.08
2000 262 18 13   -3.98  2.24
2000 262 18 14   -4.03  2.09
2000 262 18 15   -4.02  2.58
2000 262 18 16   -4.80  3.30
2000 262 18 17   -4.07  3.60
2000 262 18 18   -4.04  2.73
2000 262 18 19   -4.00  2.26
2000 262 18 20   -3.65  2.43
2000 262 18 21   -3.64  2.43
2000 262 18 22   -3.79 99.99
2000 262 18 23   -3.86  3.19
2000 262 18 24   -3.71  3.03
2000 262 18 25   -3.75  2.48
2000 262 18 26   -3.58  2.33
2000 262 18 27   -4.24  2.28
2000 262 18 28   -3.82  2.07
2000 262 18 29   -3.85  2.07
2000 262 18 30   -3.72  1.73
2000 262 18 31   -3.70  2.35
2000 262 18 32   -4.08  2.36
2000 262 18 33   -3.74 99.99
2000 262 18 34   -4.05 99.99
2000 262 18 35   -4.01  2.46
2000 262 18 36   -4.14  2.98
2000 262 18 37   -3.95  2.95
2000 262 18 38   -3.94  1.95
2000 262 18 39   -3.55  2.13
2000 262 18 40   -3.82  2.20
2000 262 18 41   -3.63  2.57
2000 262 18 42   -3.49  2.57
2000 262 18 43   -3.68  2.57
2000 262 18 44   -2.48  2.51
2000 262 18 45   -2.94  2.43
2000 262 18 46   -2.90  2.43
2000 262 18 47   -2.89  2.84
2000 262 18 48   -1.71  2.81
2000 262 18 49   -1.82  2.59
2000 262 18 50   -2.03  2.81
2000 262 18 51   -0.77 99.99
2000 262 18 52   -0.43  2.60
2000 262 18 53   -0.48  2.60
2000 262 18 54 9999.99 99.99
2000 262 18 55 9999.99 99.99
2000 262 18 56   -0.32 99.99
2000 262 18 57 9999.99 99.99
2000 262 18 58   -0.77  2.62
2000 262 18 59   -0.81  2.62
2000 262 19  0   -0.71  2.62
2000 262 19  1   -0.83 99.99
2000 262 19  2   -0.27 99.99
2000 262 19  3   -0.24  2.74
2000 262 19  4   -1.16  2.74
2000 262 19  5   -0.53  2.25
2000 262 19  6   -0.60  2.25
2000 262 19  7   -0.81  2.25
2000 262 19  8   -1.03 99.99
2000 262 19  9   -0.78  2.22
2000 262 19 10   -1.28  2.44
2000 262 19 11   -2.62  2.21
2000 262 19 12   -2.46  2.63
2000 262 19 13   -1.16  2.48
2000 262 19 14   -0.19  2.49
2000 262 19 15    0.38  2.54
2000 262 19 16    0.27  2.36
2000 262 19 17   -0.07  2.38
2000 262 19 18   -0.47  2.45
2000 262 19 19   -0.48 99.99
2000 262 19 20   -0.31  2.49
2000 262 19 21   -0.44  2.14
2000 262 19 22   -1.03  1.76
2000 262 19 23   -0.96  2.11
2000 262 19 24   -0.89  2.31
2000 262 19 25   -1.17  2.48
2000 262 19 26   -1.13  2.48
2000 262 19 27   -1.25  2.38
2000 262 19 28   -1.21  2.38
2000 262 19 29   -1.01  2.17
2000 262 19 30   -1.07  1.98
2000 262 19 31   -1.06  1.91
2000 262 19 32   -1.06  2.08
2000 262 19 33   -0.87  2.08
2000 262 19 34 9999.99  1.77
2000 262 19 35   -1.11  1.77
2000 262 19 36   -0.97  1.75
2000 262 19 37   -1.20  1.79
2000 262 19 38 9999.99  2.10
2000 262 19 39   -0.99  2.11
2000 262 19 40   -1.32 99.99
2000 262 19 41 9999.99 99.99
2000 262 19 42   -0.88  1.87
2000 262 19 43   -1.02  1.96
2000 262 19 44   -1.26  2.27
2000 262 19 45   -0.92  1.85
2000 262 19 46   -1.00  1.86
2000 262 19 47   -1.27  1.73
2000 262 19 48   -1.52  1.97
2000 262 19 49   -1.44  1.99
2000 262 19 50   -1.46  2.12
2000 262 19 51 9999.99  2.12
2000 262 19 52   -1.46  2.12
2000 262 19 53   -1.46 99.99
2000 262 19 54   -1.24  1.91
2000 262 19 55   -1.08  1.91
2000 262 19 56   -1.20  1.91
2000 262 19 57   -1.32 99.99
2000 262 19 58   -1.24 99.99
2000 262 19 59   -1.39 99.99
2000 262 20  0   -1.31  1.93
2000 262 20  1   -1.48  1.93
2000 262 20  2   -1.39  1.93
2000 262 20  3   -1.25 99.99
2000 262 20  4   -1.40  1.67
2000 262 20  5   -1.38  1.70
2000 262 20  6   -1.36  1.75
2000 262 20  7   -1.37  1.83
2000 262 20  8   -1.47  1.74
2000 262 20  9   -1.31  1.72
2000 262 20 10   -1.36 99.99
2000 262 20 11   -1.42 99.99
2000 262 20 12   -1.42  1.62
2000 262 20 13   -1.27  1.62
2000 262 20 14   -1.41 99.99
2000 262 20 15   -1.02  3.85
2000 262 20 16   -1.22  3.85
2000 262 20 17   -1.20  3.85
2000 262 20 18   -1.10  4.00
2000 262 20 19   -1.22  1.84
2000 262 20 20   -1.06  1.67
2000 262 20 21   -1.16 99.99
2000 262 20 22   -1.10 99.99
2000 262 20 23   -1.15  3.18
2000 262 20 24   -1.07  3.17
2000 262 20 25   -1.29  3.14
2000 262 20 26   -1.27  2.83
2000 262 20 27   -1.18  2.83
2000 262 20 28   -1.15  2.83
2000 262 20 29   -1.15 99.99
2000 262 20 30   -1.16  2.79
2000 262 20 31   -1.18  2.79
2000 262 20 32   -1.21  2.97
2000 262 20 33   -1.15  2.97
2000 262 20 34   -1.07  2.71
2000 262 20 35   -1.13  2.71
2000 262 20 36   -1.18 99.99
2000 262 20 37   -1.11  2.95
2000 262 20 38   -1.22  2.94
2000 262 20 39   -1.13  2.90
2000 262 20 40   -1.12  2.90
2000 262 20 41   -1.02 99.99
2000 262 20 42   -1.08  2.56
2000 262 20 43   -0.99  2.67
2000 262 20 44   -1.15  2.89
2000 262 20 45   -1.23  2.38
2000 262 20 46   -1.10  2.38
2000 262 20 47   -1.20  2.53
2000 262 20 48   -1.19  2.53
2000 262 20 49   -1.33  2.68
2000 262 20 50   -1.31  2.71
2000 262 20 51   -1.18  2.71
2000 262 20 52   -1.07  1.97
2000 262 20 53   -0.96  1.97
2000 262 20 54   -0.91  2.34
2000 262 20 55   -0.93  2.34
2000 262 20 56   -0.85  2.34
2000 262 20 57   -0.83 99.99
2000 262 20 58   -1.12 99.99
2000 262 20 59   -1.29 99.99
2000 262 21  0 9999.99 99.99
2000 262 21  1 9999.99 99.99
2000 262 21  2 9999.99 99.99
2000 262 21  3 9999.99 99.99
2000 262 21  4 9999.99 99.99
2000 262 21  5 9999.99 99.99
2000 262 21  6 9999.99 99.99
2000 262 21  7 9999.99 99.99
2000 262 21  8 9999.99 99.99
2000 262 21  9 9999.99 99.99
2000 262 21 10 9999.99 99.99
2000 262 21 11 9999.99 99.99
2000 262 21 12 9999.99 99.99
2000 262 21 13 9999.99 99.99
2000 262 21 14 9999.99 99.99
2000 262 21 15 9999.99 99.99
2000 262 21 16 9999.99 99.99
2000 262 21 17 9999.99 99.99
2000 262 21 18 9999.99 99.99
2000 262 21 19 9999.99 99.99
2000 262 21 20 9999.99 99.99
2000 262 21 21 9999.99 99.99
2000 262 21 22 9999.99 99.99
2000 262 21 23 9999.99 99.99
2000 262 21 24 9999.99 99.99
2000 262 21 25 9999.99 99.99
2000 262 21 26 9999.99 99.99
2000 262 21 27 9999.99 99.99
2000 262 21 28 9999.99 99.99
2000 262 21 29 9999.99 99.99
2000 262 21 30 9999.99 99.99
2000 262 21 31 9999.99 99.99
2000 262 21 32 9999.99 99.99
2000 262 21 33 9999.99 99.99
2000 262 21 34 9999.99 99.99
2000 262 21 35 9999.99 99.99
2000 262 21 36 9999.99 99.99
2000 262 21 37 9999.99 99.99
2000 262 21 38 9999.99 99.99
2000 262 21 39 9999.99 99.99
2000 262 21 40 9999.99 99.99
2000 262 21 41 9999.99 99.99
2000 262 21 42 9999.99 99.99
2000 262 21 43 9999.99 99.99
2000 262 21 44 9999.99 99.99
2000 262 21 45 9999.99 99.99
2000 262 21 46 9999.99 99.99
2000 262 21 47 9999.99 99.99
2000 262 21 48 9999.99 99.99
2000 262 21 49 9999.99 99.99
2000 262 21 50 9999.99 99.99
2000 262 21 51 9999.99 99.99
2000 262 21 52 9999.99 99.99
2000 262 21 53 9999.99 99.99
2000 262 21 54 9999.99 99.99
2000 262 21 55 9999.99 99.99
2000 262 21 56 9999.99 99.99
2000 262 21 57 9999.99 99.99
2000 262 21 58 9999.99 99.99
2000 262 21 59 9999.99 99.99
2000 262 22  0 9999.99 99.99
2000 262 22  1 9999.99 99.99
2000 262 22  2 9999.99 99.99
2000 262 22  3 9999.99 99.99
2000 262 22  4 9999.99 99.99
2000 262 22  5 9999.99 99.99
2000 262 22  6 9999.99 99.99
2000 262 22  7 9999.99 99.99
2000 262 22  8 9999.99 99.99
2000 262 22  9 9999.99 99.99
2000 262 22 10 9999.99 99.99
2000 262 22 11 9999.99 99.99
2000 262 22 12 9999.99 99.99
2000 262 22 13 9999.99 99.99
2000 262 22 14 9999.99 99.99
2000 262 22 15 9999.99 99.99
2000 262 22 16 9999.99 99.99
2000 262 22 17 9999.99 99.99
2000 262 22 18 9999.99 99.99
2000 262 22 19 9999.99 99.99
2000 262 22 20 9999.99 99.99
2000 262 22 21 9999.99 99.99
2000 262 22 22 9999.99 99.99
2000 262 22 23 9999.99 99.99
2000 262 22 24 9999.99 99.99
2000 262 22 25 9999.99 99.99
2000 262 22 26 9999.99 99.99
2000 262 22 27 9999.99 99.99
2000 262 22 28 9999.99 99.99
2000 262 22 29 9999.99 99.99
2000 262 22 30 9999.99 99.99
2000 262 22 31 9999.99 99.99
2000 262 22 32 9999.99 99.99
2000 262 22 33 9999.99 99.99
2000 262 22 34 9999.99 99.99
2000 262 22 35 9999.99 99.99
2000 262 22 36 9999.99 99.99
2000 262 22 37 9999.99 99.99
2000 262 22 38 9999.99 99.99
2000 262 22 39 9999.99 99.99
2000 262 22 40 9999.99 99.99
2000 262 22 41 9999.99 99.99
2000 262 22 42   -0.04 99.99
2000 262 22 43    0.05  0.88
2000 262 22 44   -0.36  0.93
2000 262 22 45   -0.30  0.90
2000 262 22 46    0.18  0.74
2000 262 22 47   -0.08  0.68
2000 262 22 48   -0.31  0.76
2000 262 22 49   -2.43  0.95
2000 262 22 50   -2.58  1.02
2000 262 22 51   -1.94  0.88
2000 262 22 52   -1.87  0.87
2000 262 22 53   -1.44  0.82
2000 262 22 54   -1.14  1.12
2000 262 22 55   -1.24  1.07
2000 262 22 56   -1.56  0.97
2000 262 22 57   -1.48  1.08
2000 262 22 58   -1.24  1.08
2000 262 22 59   -1.49 99.99
2000 262 23  0   -1.49  0.90
2000 262 23  1   -1.09  0.90
2000 262 23  2   -0.67  1.09
2000 262 23  3   -0.70  1.09
2000 262 23  4   -0.90  1.01
2000 262 23  5   -0.89  1.01
2000 262 23  6   -0.98  0.98
2000 262 23  7   -0.70  0.98
2000 262 23  8   -0.76  0.97
2000 262 23  9   -0.57  0.97
2000 262 23 10   -0.29  0.96
2000 262 23 11   -0.67  1.00
2000 262 23 12   -0.73  1.00
2000 262 23 13   -0.26  0.94
2000 262 23 14    0.64  0.94
2000 262 23 15   -0.03  0.92
2000 262 23 16   -0.63  0.92
2000 262 23 17   -0.81  0.92
2000 262 23 18   -0.95  0.92
2000 262 23 19   -1.09  0.91
2000 262 23 20   -1.26  0.91
2000 262 23 21   -1.76  0.83
2000 262 23 22   -1.63  0.83
2000 262 23 23   -1.38  0.91
2000 262 23 24   -1.24  0.91
2000 262 23 25   -0.56  0.91
2000 262 23 26   -1.15  0.91
2000 262 23 27   -1.27 99.99
2000 262 23 28   -1.63 99.99
2000 262 23 29   -1.49 99.99
2000 262 23 30   -1.09  0.82
2000 262 23 31   -0.45  0.87
2000 262 23 32   -0.46  0.90
2000 262 23 33   -0.40  0.97
2000 262 23 34   -0.06  1.05
2000 262 23 35   -0.23  1.09
2000 262 23 36   -0.20 99.99
2000 262 23 37    0.57  1.10
2000 262 23 38    0.86  0.91
2000 262 23 39    0.46  0.88
2000 262 23 40    0.55  0.96
2000 262 23 41    0.11  0.80
2000 262 23 42   -0.48  0.61
2000 262 23 43   -0.72  0.52
2000 262 23 44   -1.00  0.56
2000 262 23 45   -1.77  0.62
2000 262 23 46   -1.18  0.62
2000 262 23 47   -1.07  0.66
2000 262 23 48   -0.38  0.63
2000 262 23 49    0.32  0.47
2000 262 23 50    0.05  0.37
2000 262 23 51   -0.24  0.40
2000 262 23 52   -0.12  0.42
2000 262 23 53   -0.36  0.43
2000 262 23 54   -0.72  0.43
2000 262 23 55   -0.43  0.37
2000 262 23 56   -0.22 99.99
2000 262 23 57   -0.31  0.41
2000 262 23 58   -0.40  0.41
2000 262 23 59   -0.29  0.53
