1999 265  0  0   -4.78  3.83
1999 265  0  1   -4.87  3.82
1999 265  0  2   -5.02  3.78
1999 265  0  3   -5.23  3.70
1999 265  0  4   -5.00  3.70
1999 265  0  5   -5.00  3.83
1999 265  0  6   -5.10  3.87
1999 265  0  7   -5.04  3.90
1999 265  0  8   -4.95  3.92
1999 265  0  9   -4.80  3.91
1999 265  0 10   -4.89  3.85
1999 265  0 11   -5.83  4.07
1999 265  0 12   -5.94  4.10
1999 265  0 13   -5.85  3.90
1999 265  0 14   -5.62  3.87
1999 265  0 15   -5.47  3.86
1999 265  0 16   -5.16  3.88
1999 265  0 17   -5.30  3.82
1999 265  0 18   -5.18  3.76
1999 265  0 19   -4.78  3.78
1999 265  0 20   -4.55  3.78
1999 265  0 21   -4.05 99.99
1999 265  0 22   -4.05  3.72
1999 265  0 23   -4.05  3.72
1999 265  0 24   -3.98  3.75
1999 265  0 25   -3.79  3.76
1999 265  0 26   -4.04  3.78
1999 265  0 27   -4.00  3.73
1999 265  0 28   -3.97  3.72
1999 265  0 29   -4.08  3.55
1999 265  0 30   -4.37  3.55
1999 265  0 31   -4.13  3.61
1999 265  0 32   -3.72  3.58
1999 265  0 33   -3.29  3.57
1999 265  0 34   -3.51  3.85
1999 265  0 35   -3.42  3.84
1999 265  0 36   -3.80  3.80
1999 265  0 37   -3.70  3.68
1999 265  0 38   -3.65  3.67
1999 265  0 39   -3.70  3.58
1999 265  0 40   -3.71  3.59
1999 265  0 41   -3.64  3.57
1999 265  0 42   -3.56  3.44
1999 265  0 43   -3.59  3.43
1999 265  0 44   -3.39  3.44
1999 265  0 45   -3.10  3.56
1999 265  0 46   -3.10  3.52
1999 265  0 47   -3.01  3.51
1999 265  0 48   -3.07  3.62
1999 265  0 49   -3.31  3.63
1999 265  0 50   -3.72  3.37
1999 265  0 51   -0.36  3.05
1999 265  0 52   -0.49  2.68
1999 265  0 53   -0.55 99.99
1999 265  0 54   -0.72 99.99
1999 265  0 55   -0.70  2.82
1999 265  0 56   -0.87  2.82
1999 265  0 57   -0.52  2.84
1999 265  0 58    0.30  2.75
1999 265  0 59    0.62  2.67
1999 265  1  0    1.07  2.54
1999 265  1  1    2.00  2.58
1999 265  1  2    2.78  2.86
1999 265  1  3    2.52  2.40
1999 265  1  4    1.88  2.36
1999 265  1  5    1.64  2.55
1999 265  1  6    0.68  2.64
1999 265  1  7    0.23  2.71
1999 265  1  8    0.13  2.61
1999 265  1  9    0.20  2.65
1999 265  1 10    0.36  2.75
1999 265  1 11   -0.29  2.94
1999 265  1 12   -1.09  2.94
1999 265  1 13    0.17  2.57
1999 265  1 14   -0.09  2.47
1999 265  1 15    0.12  2.38
1999 265  1 16    0.14  2.25
1999 265  1 17    0.28  2.28
1999 265  1 18    0.48  2.32
1999 265  1 19    0.13  2.37
1999 265  1 20   -0.13  2.46
1999 265  1 21   -0.04  2.63
1999 265  1 22   -0.07  2.54
1999 265  1 23   -0.29  2.54
1999 265  1 24    0.29  2.67
1999 265  1 25    0.87  2.66
1999 265  1 26    1.18  2.64
1999 265  1 27    1.47  2.34
1999 265  1 28    1.48  2.32
1999 265  1 29    0.63  2.60
1999 265  1 30   -0.10  2.66
1999 265  1 31   -0.46  2.82
1999 265  1 32   -0.34  2.72
1999 265  1 33   -0.12  2.72
1999 265  1 34   -0.21  2.82
1999 265  1 35    0.21  2.72
1999 265  1 36   -0.07  2.66
1999 265  1 37    0.10  2.81
1999 265  1 38   -0.08  2.80
1999 265  1 39    0.37  2.78
1999 265  1 40    0.17  2.74
1999 265  1 41    0.36  2.71
1999 265  1 42    0.61  2.75
1999 265  1 43    0.65  2.70
1999 265  1 44    0.66  2.66
1999 265  1 45    0.74  2.77
1999 265  1 46    0.98  2.77
1999 265  1 47    1.09  2.83
1999 265  1 48    1.18  2.75
1999 265  1 49    1.33  2.72
1999 265  1 50    1.41  2.67
1999 265  1 51    1.53  2.64
1999 265  1 52    1.70  2.62
1999 265  1 53    1.86  2.66
1999 265  1 54    1.96  2.66
1999 265  1 55    2.06  2.65
1999 265  1 56    1.71  2.65
1999 265  1 57    1.83  2.51
1999 265  1 58    1.92  2.56
1999 265  1 59    2.13  2.62
1999 265  2  0    2.12  2.50
1999 265  2  1    2.45  2.49
1999 265  2  2    2.90  2.58
1999 265  2  3    2.52  2.55
1999 265  2  4    2.49  2.46
1999 265  2  5    2.59  2.42
1999 265  2  6    2.28  2.42
1999 265  2  7    2.07  2.68
1999 265  2  8    2.20  2.63
1999 265  2  9    2.49  2.51
1999 265  2 10    2.26  2.65
1999 265  2 11    2.51  2.67
1999 265  2 12    2.75  2.66
1999 265  2 13    3.15  2.66
1999 265  2 14    3.17  2.62
1999 265  2 15    3.27  2.64
1999 265  2 16    3.26  2.76
1999 265  2 17    3.28  2.75
1999 265  2 18    3.46  2.68
1999 265  2 19    3.44  2.68
1999 265  2 20    3.56  2.52
1999 265  2 21    3.81  2.54
1999 265  2 22    3.83  2.60
1999 265  2 23    3.88  2.56
1999 265  2 24    4.03  2.55
1999 265  2 25    4.03  2.52
1999 265  2 26    4.16  2.52
1999 265  2 27    4.26  2.22
1999 265  2 28    4.37  2.26
1999 265  2 29    4.70  2.50
1999 265  2 30    4.64  2.39
1999 265  2 31    5.16  2.37
1999 265  2 32    5.05  2.62
1999 265  2 33    5.11  2.60
1999 265  2 34    5.52  2.43
1999 265  2 35    5.53  2.36
1999 265  2 36    5.59  2.33
1999 265  2 37    5.53  2.08
1999 265  2 38    5.61  2.06
1999 265  2 39    5.54  2.11
1999 265  2 40    5.51  2.11
1999 265  2 41    3.68  3.29
1999 265  2 42    1.34  3.29
1999 265  2 43    2.02  3.36
1999 265  2 44    1.70  3.40
1999 265  2 45    1.97  3.40
1999 265  2 46    2.05  3.39
1999 265  2 47    1.96  3.34
1999 265  2 48    2.52  3.33
1999 265  2 49    2.47  3.20
1999 265  2 50    2.64  3.26
1999 265  2 51    2.78  3.35
1999 265  2 52    3.20  3.45
1999 265  2 53    2.99  3.47
1999 265  2 54    3.16  3.43
1999 265  2 55    3.23  3.43
1999 265  2 56    3.63  3.68
1999 265  2 57    3.44  3.45
1999 265  2 58    3.66  3.36
1999 265  2 59    3.75  3.48
1999 265  3  0    3.90  3.53
1999 265  3  1    3.74  3.53
1999 265  3  2    4.23  3.35
1999 265  3  3    4.00  3.41
1999 265  3  4    4.61  3.54
1999 265  3  5    5.60  2.99
1999 265  3  6    2.35  3.00
1999 265  3  7    2.78  3.74
1999 265  3  8    2.86  3.59
1999 265  3  9    3.28  3.58
1999 265  3 10    3.29  3.53
1999 265  3 11    3.57  3.55
1999 265  3 12    4.16  3.59
1999 265  3 13    3.90  3.50
1999 265  3 14    3.83  3.44
1999 265  3 15    4.17  3.38
1999 265  3 16    4.29  3.20
1999 265  3 17    4.46  3.10
1999 265  3 18    4.80  2.99
1999 265  3 19    5.02  3.10
1999 265  3 20    5.25  3.10
1999 265  3 21    5.51  3.01
1999 265  3 22    5.86  3.01
1999 265  3 23    6.00  3.07
1999 265  3 24    6.14  3.07
1999 265  3 25    5.82  3.67
1999 265  3 26    5.48  3.69
1999 265  3 27    5.36  3.73
1999 265  3 28    5.08  3.59
1999 265  3 29    6.12  3.48
1999 265  3 30    6.50  2.81
1999 265  3 31    7.20  2.75
1999 265  3 32    7.14  2.66
1999 265  3 33    7.10  2.63
1999 265  3 34    7.44  2.64
1999 265  3 35    6.98  2.80
1999 265  3 36    7.20  2.79
1999 265  3 37    7.15  2.74
1999 265  3 38    6.60  2.66
1999 265  3 39    5.53  3.61
1999 265  3 40    5.86  3.62
1999 265  3 41    4.70  3.63
1999 265  3 42    4.50  3.59
1999 265  3 43    4.53  3.58
1999 265  3 44    4.80  3.62
1999 265  3 45    5.23  3.53
1999 265  3 46    6.24  3.49
1999 265  3 47    8.61  2.80
1999 265  3 48    7.63  2.99
1999 265  3 49    7.02  3.31
1999 265  3 50    6.54  3.09
1999 265  3 51    5.03  3.27
1999 265  3 52    3.99  3.56
1999 265  3 53    5.49  3.95
1999 265  3 54    3.53  3.95
1999 265  3 55    4.61  3.64
1999 265  3 56    4.33  3.64
1999 265  3 57    4.55  3.62
1999 265  3 58    5.10  3.53
1999 265  3 59    4.79  3.50
1999 265  4  0    4.53  3.42
1999 265  4  1    4.75  3.32
1999 265  4  2    4.51  3.31
1999 265  4  3    5.99  3.17
1999 265  4  4    5.06  3.17
1999 265  4  5    6.22  3.16
1999 265  4  6    6.99  2.89
1999 265  4  7    6.49  2.84
1999 265  4  8    6.31  2.88
1999 265  4  9    6.12  2.88
1999 265  4 10    6.01  2.91
1999 265  4 11    5.75  2.93
1999 265  4 12    5.89  3.05
1999 265  4 13    7.20  2.93
1999 265  4 14    7.21  2.87
1999 265  4 15    5.47  3.09
1999 265  4 16    5.35  3.09
1999 265  4 17    5.33  3.18
1999 265  4 18    3.65  3.34
1999 265  4 19    3.89  3.45
1999 265  4 20    4.37  3.17
1999 265  4 21    4.96  3.05
1999 265  4 22    6.29  2.82
1999 265  4 23    6.50  2.64
1999 265  4 24    6.69  2.66
1999 265  4 25    6.32  2.83
1999 265  4 26    6.55  2.78
1999 265  4 27    6.57  2.77
1999 265  4 28    6.72  2.83
1999 265  4 29    6.96  2.83
1999 265  4 30    7.00  2.92
1999 265  4 31    7.50  2.90
1999 265  4 32    7.67  2.87
1999 265  4 33    7.67  3.01
1999 265  4 34    7.79  3.18
1999 265  4 35    8.16  3.42
1999 265  4 36    9.22  2.91
1999 265  4 37    9.00  2.93
1999 265  4 38    9.19  3.07
1999 265  4 39    8.09  2.82
1999 265  4 40    7.47  2.81
1999 265  4 41    6.22  2.78
1999 265  4 42    6.55  2.82
1999 265  4 43    6.28  2.83
1999 265  4 44    6.13  3.05
1999 265  4 45    6.75  3.03
1999 265  4 46    7.15  2.93
1999 265  4 47    7.14  3.03
1999 265  4 48    7.62  3.07
1999 265  4 49    7.64  2.99
1999 265  4 50    8.04  2.99
1999 265  4 51    8.04  3.04
1999 265  4 52    7.64  3.05
1999 265  4 53    8.12  3.07
1999 265  4 54    8.34  2.78
1999 265  4 55    8.65  2.89
1999 265  4 56    8.66  3.13
1999 265  4 57    8.78  2.95
1999 265  4 58    8.41  2.96
1999 265  4 59    8.17  3.26
1999 265  5  0    8.52  3.26
1999 265  5  1    8.74  3.28
1999 265  5  2    8.11  3.02
1999 265  5  3    9.42  2.96
1999 265  5  4    9.20  2.97
1999 265  5  5    9.29  2.97
1999 265  5  6    9.08  2.89
1999 265  5  7    8.95  2.91
1999 265  5  8    8.88  3.07
1999 265  5  9    8.82  2.99
1999 265  5 10    9.30  2.95
1999 265  5 11    9.29  2.90
1999 265  5 12    9.33  2.90
1999 265  5 13    9.33  2.89
1999 265  5 14    9.20  2.99
1999 265  5 15    9.08  3.24
1999 265  5 16    9.09  3.24
1999 265  5 17    9.42  3.26
1999 265  5 18    9.05  4.40
1999 265  5 19    8.56  4.57
1999 265  5 20    8.49  4.94
1999 265  5 21    8.58  4.60
1999 265  5 22    8.64  4.56
1999 265  5 23    8.56  4.42
1999 265  5 24    8.59  4.55
1999 265  5 25    8.68  4.68
1999 265  5 26    8.79  4.39
1999 265  5 27    8.63  3.93
1999 265  5 28    8.47  3.83
1999 265  5 29    8.23  3.88
1999 265  5 30    8.55  3.84
1999 265  5 31    8.18  3.87
1999 265  5 32    7.26  3.88
1999 265  5 33    6.25  3.68
1999 265  5 34    8.06  3.71
1999 265  5 35    9.35  3.87
1999 265  5 36    9.20  3.92
1999 265  5 37    8.93  3.92
1999 265  5 38    9.00  4.04
1999 265  5 39    9.19  4.05
1999 265  5 40    9.19  4.16
1999 265  5 41    9.32  4.23
1999 265  5 42    9.10  4.25
1999 265  5 43    9.26  3.99
1999 265  5 44    9.08  3.99
1999 265  5 45    9.17  3.58
1999 265  5 46    8.10  3.58
1999 265  5 47    8.02  3.28
1999 265  5 48    8.90  3.27
1999 265  5 49    8.73  3.37
1999 265  5 50    8.39  3.16
1999 265  5 51    8.51  3.16
1999 265  5 52    8.26  3.62
1999 265  5 53    8.08  3.58
1999 265  5 54    8.55  3.45
1999 265  5 55    9.86  3.55
1999 265  5 56    9.93  3.36
1999 265  5 57   10.16  3.22
1999 265  5 58   10.32  3.15
1999 265  5 59   10.50  3.15
1999 265  6  0   10.43  3.21
1999 265  6  1   10.35  3.21
1999 265  6  2   10.33  3.60
1999 265  6  3    9.89  3.60
1999 265  6  4    9.18  4.14
1999 265  6  5    9.13  4.14
1999 265  6  6    9.74  3.82
1999 265  6  7    8.97  3.83
1999 265  6  8    9.65  3.93
1999 265  6  9    9.79  3.57
1999 265  6 10   10.02  3.43
1999 265  6 11   10.06  3.38
1999 265  6 12    9.29  3.38
1999 265  6 13    9.14  3.11
1999 265  6 14    9.05  3.29
1999 265  6 15    9.44  3.47
1999 265  6 16    5.06  4.22
1999 265  6 17    5.04  4.23
1999 265  6 18    5.98  3.06
1999 265  6 19    5.88  3.24
1999 265  6 20    6.40  3.70
1999 265  6 21    6.17  3.50
1999 265  6 22    5.83  3.52
1999 265  6 23    5.53  3.76
1999 265  6 24    5.18  4.37
1999 265  6 25    6.64  4.53
1999 265  6 26    6.60  4.60
1999 265  6 27    7.37  4.17
1999 265  6 28    6.80  4.06
1999 265  6 29    6.47  3.48
1999 265  6 30    6.43  3.33
1999 265  6 31    6.46  3.16
1999 265  6 32    6.40  3.21
1999 265  6 33    6.40  3.22
1999 265  6 34    6.39  3.66
1999 265  6 35    6.20  3.66
1999 265  6 36    6.09  3.42
1999 265  6 37    7.04  3.39
1999 265  6 38    6.13  3.28
1999 265  6 39    6.48  3.36
1999 265  6 40    6.67  3.37
1999 265  6 41    8.20  3.36
1999 265  6 42    8.13  3.26
1999 265  6 43    7.91  3.52
1999 265  6 44    6.61  3.60
1999 265  6 45    5.29  3.26
1999 265  6 46    5.35  3.24
1999 265  6 47    5.25  3.21
1999 265  6 48    4.31  3.21
1999 265  6 49    4.62 99.99
1999 265  6 50    4.58 99.99
1999 265  6 51    3.95  3.00
1999 265  6 52    4.26  3.00
1999 265  6 53    3.84  2.88
1999 265  6 54    4.44  3.05
1999 265  6 55    4.80  3.25
1999 265  6 56    4.73  3.25
1999 265  6 57    4.64  3.72
1999 265  6 58    4.66  3.74
1999 265  6 59    5.53  3.24
1999 265  7  0    4.61  3.27
1999 265  7  1    4.74  3.37
1999 265  7  2    5.19  3.32
1999 265  7  3    7.08  3.26
1999 265  7  4    7.28  3.11
1999 265  7  5    6.75  3.08
1999 265  7  6    6.63  2.96
1999 265  7  7    6.41  3.07
1999 265  7  8    5.79  3.18
1999 265  7  9    5.54  3.25
1999 265  7 10    5.26  3.25
1999 265  7 11    5.09  3.24
1999 265  7 12    4.96  3.24
1999 265  7 13    4.95  3.09
1999 265  7 14    5.66  3.10
1999 265  7 15    5.61  3.14
1999 265  7 16    5.70  3.06
1999 265  7 17    6.30  2.83
1999 265  7 18    5.89  2.98
1999 265  7 19    5.43  3.16
1999 265  7 20    4.95  3.18
1999 265  7 21    4.50  3.24
1999 265  7 22    4.48  3.31
1999 265  7 23    4.49  3.38
1999 265  7 24    4.37  3.23
1999 265  7 25    3.93  3.22
1999 265  7 26    3.80  3.05
1999 265  7 27    4.09  3.18
1999 265  7 28    3.81  3.26
1999 265  7 29    3.46  3.14
1999 265  7 30    3.45  3.14
1999 265  7 31    3.55  2.94
1999 265  7 32    3.76  3.02
1999 265  7 33    3.77  3.10
1999 265  7 34    4.09  2.91
1999 265  7 35    4.03  2.96
1999 265  7 36    3.59  2.98
1999 265  7 37    4.18  3.22
1999 265  7 38    5.05  3.02
1999 265  7 39    4.97  3.01
1999 265  7 40    4.69  3.14
1999 265  7 41    4.47  2.96
1999 265  7 42    4.16  2.95
1999 265  7 43    3.63  2.93
1999 265  7 44    3.44  2.97
1999 265  7 45    3.43  2.99
1999 265  7 46    3.42  3.02
1999 265  7 47    4.44  3.02
1999 265  7 48    4.14  2.91
1999 265  7 49    3.21  2.95
1999 265  7 50    3.41  3.00
1999 265  7 51    3.18  2.89
1999 265  7 52    4.20  2.89
1999 265  7 53    2.85  2.89
1999 265  7 54    2.40  2.88
1999 265  7 55    2.01  2.86
1999 265  7 56    1.75  2.94
1999 265  7 57    2.99  2.95
1999 265  7 58    4.37  2.81
1999 265  7 59    4.13  2.86
1999 265  8  0    5.39  2.97
1999 265  8  1    5.28  2.95
1999 265  8  2    4.91  2.95
1999 265  8  3    4.82  2.78
1999 265  8  4    4.98  2.88
1999 265  8  5    4.40  2.95
1999 265  8  6    4.46  2.84
1999 265  8  7    4.45  2.85
1999 265  8  8    4.37  2.87
1999 265  8  9    4.48  2.68
1999 265  8 10    4.46  2.70
1999 265  8 11    4.49  2.71
1999 265  8 12    4.59  2.74
1999 265  8 13    4.88  2.76
1999 265  8 14    4.63  2.78
1999 265  8 15    4.26  2.70
1999 265  8 16    4.30  2.71
1999 265  8 17    4.27  2.81
1999 265  8 18    4.49  2.71
1999 265  8 19    4.05  2.75
1999 265  8 20    7.07  3.09
1999 265  8 21    9.79  3.46
1999 265  8 22    9.53  3.52
1999 265  8 23    9.85  3.56
1999 265  8 24    9.28  4.03
1999 265  8 25    8.85  4.07
1999 265  8 26    8.47  3.75
1999 265  8 27    8.00  3.75
1999 265  8 28    8.17  3.63
1999 265  8 29    8.23  3.74
1999 265  8 30    7.44  3.95
1999 265  8 31    7.33  3.62
1999 265  8 32    8.30  3.60
1999 265  8 33    7.31  2.98
1999 265  8 34    7.52  2.98
1999 265  8 35    8.37  3.20
1999 265  8 36    8.19  3.18
1999 265  8 37    8.47  3.15
1999 265  8 38    7.54  3.09
1999 265  8 39    7.73  3.09
1999 265  8 40    7.44  3.12
1999 265  8 41    7.45  3.02
1999 265  8 42    7.72  3.00
1999 265  8 43    7.02  3.08
1999 265  8 44    6.93  3.04
1999 265  8 45    7.45  2.98
1999 265  8 46    7.27  2.96
1999 265  8 47    6.83  2.98
1999 265  8 48    6.33  3.20
1999 265  8 49    6.00  3.12
1999 265  8 50    5.50  3.07
1999 265  8 51    5.39  3.00
1999 265  8 52    4.65  2.99
1999 265  8 53    5.95  3.05
1999 265  8 54    6.09  3.05
1999 265  8 55    6.01  2.95
1999 265  8 56    6.02  2.97
1999 265  8 57    7.38  3.18
1999 265  8 58    5.83  3.12
1999 265  8 59    6.49  3.08
1999 265  9  0    6.03  3.14
1999 265  9  1    6.19  3.14
1999 265  9  2    5.92  3.12
1999 265  9  3    5.84  3.11
1999 265  9  4    5.42  3.07
1999 265  9  5    5.43  3.12
1999 265  9  6    4.94  3.14
1999 265  9  7    4.82  3.18
1999 265  9  8    4.90  3.18
1999 265  9  9    4.09  3.35
1999 265  9 10    4.70  3.59
1999 265  9 11    1.93  3.96
1999 265  9 12    2.70  3.70
1999 265  9 13    2.62  3.73
1999 265  9 14    2.20  4.07
1999 265  9 15    2.67  4.49
1999 265  9 16    2.30  4.44
1999 265  9 17    1.65  4.00
1999 265  9 18    2.96  4.00
1999 265  9 19    2.84  3.48
1999 265  9 20    2.55  3.50
1999 265  9 21    3.47  4.23
1999 265  9 22    3.56  3.82
1999 265  9 23    2.75  3.83
1999 265  9 24    2.91  3.87
1999 265  9 25    2.99  3.90
1999 265  9 26    2.07  3.85
1999 265  9 27    2.10  3.75
1999 265  9 28    2.44  4.05
1999 265  9 29    3.67  4.04
1999 265  9 30    3.50  3.77
1999 265  9 31    4.36  3.68
1999 265  9 32    4.54  3.67
1999 265  9 33    4.14  3.53
1999 265  9 34    4.05  3.53
1999 265  9 35    4.12  3.57
1999 265  9 36    3.68  3.58
1999 265  9 37    3.22  3.88
1999 265  9 38    3.33  3.88
1999 265  9 39    3.45  3.82
1999 265  9 40    4.73  3.97
1999 265  9 41    5.81  3.93
1999 265  9 42    5.54  3.57
1999 265  9 43    5.71  3.46
1999 265  9 44    5.68  3.43
1999 265  9 45    5.35  3.43
1999 265  9 46    4.71  3.52
1999 265  9 47    5.80  3.89
1999 265  9 48    5.45  3.60
1999 265  9 49    5.57  3.47
1999 265  9 50    5.85  3.54
1999 265  9 51    6.88  3.60
1999 265  9 52    8.41  3.64
1999 265  9 53    8.05  3.80
1999 265  9 54    7.58  3.93
1999 265  9 55    7.59  4.00
1999 265  9 56    7.58  3.98
1999 265  9 57    7.03  4.20
1999 265  9 58    6.57  3.95
1999 265  9 59    6.57  3.78
1999 265 10  0    6.24  3.55
1999 265 10  1    6.30  3.55
1999 265 10  2    6.05  3.78
1999 265 10  3    5.05  3.78
1999 265 10  4    3.28  3.53
1999 265 10  5    2.60  3.53
1999 265 10  6    4.33  3.70
1999 265 10  7    7.98  3.69
1999 265 10  8    7.88  3.50
1999 265 10  9    7.37  3.70
1999 265 10 10    7.65  3.72
1999 265 10 11    8.16  4.27
1999 265 10 12    8.39  4.21
1999 265 10 13    8.31  3.52
1999 265 10 14    8.42  3.58
1999 265 10 15    8.30  3.65
1999 265 10 16    8.12  3.65
1999 265 10 17    7.75  3.59
1999 265 10 18    7.43  3.51
1999 265 10 19    7.36  3.37
1999 265 10 20    7.10  3.54
1999 265 10 21    6.87  3.55
1999 265 10 22    6.42  3.39
1999 265 10 23    5.97  3.48
1999 265 10 24    6.19  4.03
1999 265 10 25    5.86  3.63
1999 265 10 26    5.79  3.56
1999 265 10 27    5.05  3.67
1999 265 10 28    3.81  3.72
1999 265 10 29    5.26  3.85
1999 265 10 30    5.39  3.87
1999 265 10 31    5.50  3.75
1999 265 10 32    5.75  3.49
1999 265 10 33    6.00  3.41
1999 265 10 34    5.54  3.91
1999 265 10 35    5.36  3.92
1999 265 10 36    5.20  3.90
1999 265 10 37    5.29  3.75
1999 265 10 38    5.05  3.66
1999 265 10 39    4.91  3.62
1999 265 10 40    4.49  3.67
1999 265 10 41    4.73  3.67
1999 265 10 42    4.54  3.59
1999 265 10 43    4.46  3.59
1999 265 10 44    4.50  4.11
1999 265 10 45    4.02  4.12
1999 265 10 46    4.26  3.85
1999 265 10 47    4.17  3.85
1999 265 10 48    3.90  3.82
1999 265 10 49    4.48  3.82
1999 265 10 50    3.97  3.68
1999 265 10 51    3.88  3.68
1999 265 10 52    3.30  3.82
1999 265 10 53    3.13  3.82
1999 265 10 54    2.66  3.83
1999 265 10 55    2.76  3.86
1999 265 10 56    2.81  3.93
1999 265 10 57    4.68  4.00
1999 265 10 58    3.98  3.92
1999 265 10 59    3.39  3.97
1999 265 11  0    4.41  4.00
1999 265 11  1    2.88  3.67
1999 265 11  2    2.73  3.63
1999 265 11  3    1.38  3.61
1999 265 11  4    2.12  3.71
1999 265 11  5    2.40  3.64
1999 265 11  6    2.93  3.61
1999 265 11  7    3.45  4.24
1999 265 11  8    2.09  4.23
1999 265 11  9    2.49  4.13
1999 265 11 10    3.05  3.83
1999 265 11 11    4.33  3.69
1999 265 11 12    6.28  4.04
1999 265 11 13    8.45  3.81
1999 265 11 14    8.58  3.50
1999 265 11 15    8.69  3.59
1999 265 11 16    8.67  3.60
1999 265 11 17    8.19  3.76
1999 265 11 18    7.99  3.56
1999 265 11 19    7.69  3.37
1999 265 11 20    7.74  4.00
1999 265 11 21    7.65  3.80
1999 265 11 22    8.27  3.48
1999 265 11 23    8.31  3.62
1999 265 11 24    8.47  3.63
1999 265 11 25    7.91  3.56
1999 265 11 26    7.89  3.65
1999 265 11 27    8.56  3.78
1999 265 11 28    8.26 99.99
1999 265 11 29    8.58  3.86
1999 265 11 30    8.86  3.61
1999 265 11 31    8.47  3.20
1999 265 11 32    8.73  3.76
1999 265 11 33    8.42  3.73
1999 265 11 34    8.61  3.72
1999 265 11 35    8.59  3.83
1999 265 11 36    8.63  3.85
1999 265 11 37    8.29  4.02
1999 265 11 38    8.08  3.97
1999 265 11 39    8.55  3.88
1999 265 11 40    7.83  3.74
1999 265 11 41    6.70  3.61
1999 265 11 42    7.55  3.53
1999 265 11 43    8.31  3.71
1999 265 11 44    5.11  3.94
1999 265 11 45    7.64  3.75
1999 265 11 46    7.68  3.63
1999 265 11 47    5.19  4.04
1999 265 11 48    3.61  3.77
1999 265 11 49    3.18  4.26
1999 265 11 50    3.52  4.26
1999 265 11 51    3.51 99.99
1999 265 11 52    2.92  3.64
1999 265 11 53   -0.13  3.64
1999 265 11 54   -3.46  3.65
1999 265 11 55   -6.20  3.64
1999 265 11 56   -6.62  4.18
1999 265 11 57   -6.24  4.18
1999 265 11 58   -8.81  3.24
1999 265 11 59  -10.12  3.56
1999 265 12  0  -11.45  4.00
1999 265 12  1  -11.00  3.87
1999 265 12  2  -11.03  4.04
1999 265 12  3  -11.41  4.18
1999 265 12  4  -11.41  4.61
1999 265 12  5  -11.43  4.77
1999 265 12  6  -10.98  4.79
1999 265 12  7  -10.43  4.08
1999 265 12  8  -10.15  4.08
1999 265 12  9   -9.17  5.40
1999 265 12 10   -8.91  5.49
1999 265 12 11   -9.17  4.69
1999 265 12 12   -7.22  4.64
1999 265 12 13   -7.75  4.61
1999 265 12 14   -8.32  4.74
1999 265 12 15   -8.52  4.69
1999 265 12 16   -8.48  4.82
1999 265 12 17   -8.09  5.00
1999 265 12 18   -7.61  4.81
1999 265 12 19   -6.73  5.65
1999 265 12 20   -6.32  5.50
1999 265 12 21   -7.25  5.86
1999 265 12 22   -0.57  6.57
1999 265 12 23    8.07 17.04
1999 265 12 24   -2.00  9.07
1999 265 12 25  -15.81  8.23
1999 265 12 26  -13.87 99.99
1999 265 12 27   -6.99 99.99
1999 265 12 28   12.90 17.86
1999 265 12 29    5.51 17.92
1999 265 12 30  -14.23 13.65
1999 265 12 31  -11.88 13.59
1999 265 12 32    1.90 13.01
1999 265 12 33    4.73 18.81
1999 265 12 34    6.84 20.19
1999 265 12 35    7.28 23.74
1999 265 12 36    8.29 21.64
1999 265 12 37    7.72 24.73
1999 265 12 38    7.60 24.74
1999 265 12 39    9.83 25.70
1999 265 12 40   10.42 24.89
1999 265 12 41    8.91 20.88
1999 265 12 42    7.30 22.60
1999 265 12 43    7.58 22.77
1999 265 12 44    8.34 22.18
1999 265 12 45    6.29 23.28
1999 265 12 46    4.31 24.24
1999 265 12 47    4.10 23.90
1999 265 12 48    2.18 23.90
1999 265 12 49    1.90 26.77
1999 265 12 50    2.00 26.76
1999 265 12 51    1.69 26.41
1999 265 12 52    0.94 26.40
1999 265 12 53   -0.07 26.39
1999 265 12 54    1.38 26.25
1999 265 12 55    1.42 26.62
1999 265 12 56    2.77 27.35
1999 265 12 57    3.08 28.09
1999 265 12 58    3.61 27.71
1999 265 12 59    0.95 27.63
1999 265 13  0    4.05 26.05
1999 265 13  1    4.37 23.15
1999 265 13  2    4.33 25.13
1999 265 13  3    5.27 25.39
1999 265 13  4    4.91 24.50
1999 265 13  5    5.95 23.20
1999 265 13  6   -0.20 23.24
1999 265 13  7   -2.47 23.44
1999 265 13  8   -1.45 23.80
1999 265 13  9   -0.26 23.81
1999 265 13 10   -4.15 23.51
1999 265 13 11   -5.80 23.63
1999 265 13 12   -7.40 25.30
1999 265 13 13   -8.75 24.94
1999 265 13 14   -9.19 24.75
1999 265 13 15  -12.82 24.95
1999 265 13 16  -13.71 24.89
1999 265 13 17   -8.70 21.68
1999 265 13 18    5.35 16.48
1999 265 13 19    5.84 12.07
1999 265 13 20    3.85 11.54
1999 265 13 21    2.21 11.53
1999 265 13 22    2.79 13.04
1999 265 13 23    3.16 13.31
1999 265 13 24    5.44 13.82
1999 265 13 25    6.77 13.13
1999 265 13 26    4.82 12.35
1999 265 13 27    4.84 12.35
1999 265 13 28    9.55 99.99
1999 265 13 29    8.72 14.52
1999 265 13 30    7.26 14.51
1999 265 13 31    7.57 14.47
1999 265 13 32    5.39 13.62
1999 265 13 33    6.14 13.18
1999 265 13 34   -2.09 12.91
1999 265 13 35   -4.13 16.77
1999 265 13 36   -6.78 16.75
1999 265 13 37   -7.50 16.27
1999 265 13 38   -3.30 16.27
1999 265 13 39   -4.76 19.64
1999 265 13 40   -5.23 19.64
1999 265 13 41   -5.18 19.56
1999 265 13 42   -2.10 21.61
1999 265 13 43   -2.88 22.46
1999 265 13 44   -2.56 20.45
1999 265 13 45   -3.55 20.97
1999 265 13 46   -3.43 20.98
1999 265 13 47   -1.10 21.85
1999 265 13 48    3.50 19.42
1999 265 13 49   -0.27 18.47
1999 265 13 50    0.70 19.46
1999 265 13 51   -1.95 19.46
1999 265 13 52   -4.23 20.30
1999 265 13 53   -1.76 20.26
1999 265 13 54   -1.27 19.33
1999 265 13 55   -0.29 19.32
1999 265 13 56   -2.74 19.83
1999 265 13 57   -3.66 18.98
1999 265 13 58    1.09 22.96
1999 265 13 59   -0.78 25.99
1999 265 14  0   -0.99 23.45
1999 265 14  1   -1.20 23.02
1999 265 14  2   -0.87 22.83
1999 265 14  3   -0.29 23.19
1999 265 14  4   -0.11 23.17
1999 265 14  5   -1.18 21.94
1999 265 14  6   -1.60 22.66
1999 265 14  7   -1.93 24.31
1999 265 14  8   -3.54 24.31
1999 265 14  9   -6.75 26.22
1999 265 14 10   -3.29 25.30
1999 265 14 11   -1.94 21.60
1999 265 14 12   -0.08 23.32
1999 265 14 13    0.12 23.48
1999 265 14 14    0.27 21.49
1999 265 14 15    4.07 18.69
1999 265 14 16    3.99 16.58
1999 265 14 17    2.51 17.14
1999 265 14 18    3.08 19.07
1999 265 14 19    0.03 19.07
1999 265 14 20   -1.13 99.99
1999 265 14 21    0.14 19.68
1999 265 14 22    0.53 19.88
1999 265 14 23   -0.50 20.16
1999 265 14 24    0.47 20.75
1999 265 14 25    1.51 14.62
1999 265 14 26    2.03 13.09
1999 265 14 27    1.71 13.09
1999 265 14 28    2.04 11.05
1999 265 14 29    3.18 10.92
1999 265 14 30    2.13 10.21
1999 265 14 31    3.15 11.13
1999 265 14 32    3.87 11.22
1999 265 14 33    1.20 99.99
1999 265 14 34    2.77 11.20
1999 265 14 35    4.09 11.18
1999 265 14 36    6.00 10.99
1999 265 14 37    5.05 10.94
1999 265 14 38    5.46 10.46
1999 265 14 39    5.61 10.48
1999 265 14 40    3.25 10.96
1999 265 14 41    3.83 10.17
1999 265 14 42    4.63  9.31
1999 265 14 43    4.69 10.26
1999 265 14 44    5.42 10.27
1999 265 14 45    3.92 11.07
1999 265 14 46    2.80 11.20
1999 265 14 47    1.24 11.06
1999 265 14 48    1.12  9.80
1999 265 14 49    0.43  9.96
1999 265 14 50    2.71  9.96
1999 265 14 51    1.44  9.62
1999 265 14 52    1.72  9.62
1999 265 14 53    1.21 12.32
1999 265 14 54   -0.42 12.32
1999 265 14 55   -2.27 99.99
1999 265 14 56   -1.60 12.15
1999 265 14 57   -1.93 12.16
1999 265 14 58   -2.94 12.46
1999 265 14 59   -1.61 12.93
1999 265 15  0   -3.77 13.10
1999 265 15  1   -3.54 14.31
1999 265 15  2   -3.38 14.31
1999 265 15  3   -3.23 13.23
1999 265 15  4   -3.87 13.12
1999 265 15  5   -2.45 12.93
1999 265 15  6   -0.98 12.38
1999 265 15  7    2.55 11.87
1999 265 15  8    1.36  9.92
1999 265 15  9    0.33  9.57
1999 265 15 10   -2.42  9.32
1999 265 15 11   -3.38  9.71
1999 265 15 12   -1.57  9.78
1999 265 15 13   -0.07 10.62
1999 265 15 14   -0.80 10.65
1999 265 15 15   -0.79 10.74
1999 265 15 16   -3.83 10.53
1999 265 15 17   -3.56 10.73
1999 265 15 18   -2.65 11.09
1999 265 15 19   -2.74 10.34
1999 265 15 20   -0.80 10.34
1999 265 15 21   -2.34 10.67
1999 265 15 22   -1.30 10.69
1999 265 15 23   -0.61 99.99
1999 265 15 24   -0.03 10.14
1999 265 15 25    0.63 10.05
1999 265 15 26    0.29 10.02
1999 265 15 27    0.18 10.19
1999 265 15 28    0.06 11.06
1999 265 15 29    0.68 11.17
1999 265 15 30   -1.64 11.50
1999 265 15 31    3.69 11.50
1999 265 15 32    3.13 12.09
1999 265 15 33    6.47 11.38
1999 265 15 34    8.45 10.55
1999 265 15 35    9.29 12.80
1999 265 15 36    6.55 12.81
1999 265 15 37    1.39 12.77
1999 265 15 38   -1.12 11.91
1999 265 15 39    1.87 11.24
1999 265 15 40    0.64 13.46
1999 265 15 41    6.85 14.93
1999 265 15 42   15.91 16.00
1999 265 15 43   15.87 15.08
1999 265 15 44   13.64 15.08
1999 265 15 45   13.13 14.32
1999 265 15 46   12.27 14.32
1999 265 15 47   11.14 12.33
1999 265 15 48    7.79 12.08
1999 265 15 49    4.12 11.65
1999 265 15 50   -2.07 13.13
1999 265 15 51    2.36 14.01
1999 265 15 52    5.54 14.07
1999 265 15 53    7.08 13.92
1999 265 15 54   -2.65 15.01
1999 265 15 55    6.08 15.17
1999 265 15 56   11.67 15.16
1999 265 15 57    7.72 13.50
1999 265 15 58    4.55 13.50
1999 265 15 59    4.69 12.13
1999 265 16  0    4.40 11.47
1999 265 16  1    4.07 11.24
1999 265 16  2    2.57 11.23
1999 265 16  3    1.34 14.37
1999 265 16  4    0.84 14.03
1999 265 16  5   -0.10 12.53
1999 265 16  6   -1.83 14.73
1999 265 16  7   -5.52 14.58
1999 265 16  8  -10.62 13.99
1999 265 16  9   -8.47 13.02
1999 265 16 10   -3.00 12.39
1999 265 16 11    1.80 12.47
1999 265 16 12    6.54 12.49
1999 265 16 13    0.87 12.49
1999 265 16 14   -4.72 13.11
1999 265 16 15   -2.77 13.11
1999 265 16 16   -0.51 13.11
1999 265 16 17    8.17 99.99
1999 265 16 18   14.24 11.38
1999 265 16 19   10.00 11.50
1999 265 16 20   13.54 12.19
1999 265 16 21    8.52 13.54
1999 265 16 22    4.58 14.45
1999 265 16 23    7.11 14.41
1999 265 16 24    9.17 14.27
1999 265 16 25    8.57 13.66
1999 265 16 26    3.25 13.39
1999 265 16 27    7.41 12.73
1999 265 16 28    7.04 12.67
1999 265 16 29    7.60 12.68
1999 265 16 30    7.92 12.77
1999 265 16 31   11.16 11.75
1999 265 16 32    8.41 11.85
1999 265 16 33    5.97 13.44
1999 265 16 34    4.66 11.44
1999 265 16 35    6.62 11.25
1999 265 16 36    5.48 12.11
1999 265 16 37    0.73 13.34
1999 265 16 38    1.93 14.54
1999 265 16 39    4.35 13.07
1999 265 16 40    3.51 13.36
1999 265 16 41    3.56 14.86
1999 265 16 42    4.13 14.13
1999 265 16 43    5.46 14.50
1999 265 16 44    8.43 15.43
1999 265 16 45    9.79 15.47
1999 265 16 46    8.86 15.40
1999 265 16 47    4.68 15.15
1999 265 16 48    4.70 17.32
1999 265 16 49    5.98 17.52
1999 265 16 50    6.68 18.07
1999 265 16 51   10.28 19.22
1999 265 16 52   12.15 19.49
1999 265 16 53   13.08 18.41
1999 265 16 54   16.12 18.43
1999 265 16 55   13.11 18.63
1999 265 16 56    7.10 18.26
1999 265 16 57    7.06 18.16
1999 265 16 58    5.97 16.61
1999 265 16 59    3.18 16.67
1999 265 17  0    2.66 17.23
1999 265 17  1    0.70 16.44
1999 265 17  2   -6.69 16.28
1999 265 17  3   -9.28 17.73
1999 265 17  4  -12.29 16.57
1999 265 17  5  -12.90 15.69
1999 265 17  6   -7.74 15.97
1999 265 17  7  -13.18 15.92
1999 265 17  8  -13.05 15.27
1999 265 17  9  -11.54 15.41
1999 265 17 10   -9.85 15.51
1999 265 17 11   -9.70 14.39
1999 265 17 12   -8.72 14.36
1999 265 17 13   -8.64 14.69
1999 265 17 14  -11.27 14.76
1999 265 17 15  -11.26 14.86
1999 265 17 16  -10.88 15.20
1999 265 17 17   -9.53 15.15
1999 265 17 18   -9.27 14.58
1999 265 17 19   -6.16 14.64
1999 265 17 20   -7.45 14.66
1999 265 17 21   -5.98 14.32
1999 265 17 22   -5.25 14.34
1999 265 17 23   -3.49 14.47
1999 265 17 24   -1.80 14.13
1999 265 17 25   -2.52 14.14
1999 265 17 26   -2.94 15.12
1999 265 17 27   -0.46 13.87
1999 265 17 28   -6.37 13.50
1999 265 17 29   -5.72 15.54
1999 265 17 30   -2.54 15.52
1999 265 17 31   -2.80 14.34
1999 265 17 32   -2.85 14.49
1999 265 17 33   -3.46 14.88
1999 265 17 34   -1.01 14.31
1999 265 17 35   -1.55 14.05
1999 265 17 36   -2.18 13.76
1999 265 17 37   -2.81 13.75
1999 265 17 38   -3.43 13.75
1999 265 17 39   -4.81 15.01
1999 265 17 40   -3.18 14.25
1999 265 17 41   -3.83 13.28
1999 265 17 42   -1.45 14.36
1999 265 17 43   -3.01 14.34
1999 265 17 44   -1.46 13.77
1999 265 17 45   -0.39 13.79
1999 265 17 46    0.37 13.91
1999 265 17 47    1.73 13.94
1999 265 17 48    1.88 13.64
1999 265 17 49   -2.03 12.95
1999 265 17 50   -1.58 13.54
1999 265 17 51   -2.01 13.55
1999 265 17 52   -4.95 11.87
1999 265 17 53   -1.28 11.29
1999 265 17 54    4.76 11.20
1999 265 17 55    6.28 12.24
1999 265 17 56    7.25 12.62
1999 265 17 57    5.58 13.81
1999 265 17 58    7.48 13.67
1999 265 17 59   -1.74 13.65
1999 265 18  0   -1.54 14.64
1999 265 18  1   -5.29 14.64
1999 265 18  2   -5.56 15.45
1999 265 18  3   -4.75 14.99
1999 265 18  4   -7.59 14.37
1999 265 18  5   -7.39 14.74
1999 265 18  6   -2.68 14.71
1999 265 18  7   -4.31 12.44
1999 265 18  8    0.29 12.54
1999 265 18  9    4.66 12.59
1999 265 18 10    4.15 12.43
1999 265 18 11    3.76 12.40
1999 265 18 12    9.31 12.26
1999 265 18 13    9.26 11.52
1999 265 18 14    8.30 11.27
1999 265 18 15   12.29 10.67
1999 265 18 16   15.64 11.11
1999 265 18 17   13.73 11.25
1999 265 18 18   18.16 12.70
1999 265 18 19   18.13 11.76
1999 265 18 20   19.33 11.67
1999 265 18 21   19.39 13.65
1999 265 18 22   18.47 13.06
1999 265 18 23   19.48 12.90
1999 265 18 24   20.34 11.74
1999 265 18 25   21.00 11.72
1999 265 18 26   21.73 12.64
1999 265 18 27   20.04 12.64
1999 265 18 28   17.48 13.78
1999 265 18 29   24.44 13.18
1999 265 18 30   22.23 10.53
1999 265 18 31   25.07  9.51
1999 265 18 32   23.53  9.41
1999 265 18 33   24.30  9.35
1999 265 18 34   14.93  7.47
1999 265 18 35   13.24  7.24
1999 265 18 36   12.21  7.08
1999 265 18 37   11.11  8.15
1999 265 18 38   10.15  8.25
1999 265 18 39   10.42  8.93
1999 265 18 40    9.25  8.93
1999 265 18 41    5.56  9.24
1999 265 18 42    3.72  9.14
1999 265 18 43    0.97  8.69
1999 265 18 44   -3.73  8.96
1999 265 18 45   -4.10  9.12
1999 265 18 46   -4.37  9.59
1999 265 18 47    0.62  9.63
1999 265 18 48    4.30  9.41
1999 265 18 49   12.79  8.31
1999 265 18 50   16.32  7.78
1999 265 18 51   14.46  9.11
1999 265 18 52   11.90  8.84
1999 265 18 53    9.58  7.33
1999 265 18 54    6.33  7.34
1999 265 18 55    5.75  7.34
1999 265 18 56    1.63  7.41
1999 265 18 57    0.83  7.96
1999 265 18 58   -4.02  8.19
1999 265 18 59   -2.28  7.21
1999 265 19  0    0.88  7.29
1999 265 19  1   -7.29  7.75
1999 265 19  2  -10.08  7.51
1999 265 19  3   -8.54  7.49
1999 265 19  4   -5.42 99.99
1999 265 19  5    1.74 99.99
1999 265 19  6   -2.03 99.99
1999 265 19  7   -2.50  9.66
1999 265 19  8   -0.56  9.62
1999 265 19  9   -0.35 10.34
1999 265 19 10   -1.29 10.34
1999 265 19 11   -0.01 10.25
1999 265 19 12    5.66  8.94
1999 265 19 13    4.68 10.02
1999 265 19 14   -7.41 10.65
1999 265 19 15   28.62 10.86
1999 265 19 16   22.23 10.86
1999 265 19 17   19.08 10.39
1999 265 19 18   23.90 10.97
1999 265 19 19   21.78 13.21
1999 265 19 20   20.23 11.12
1999 265 19 21   19.80 10.98
1999 265 19 22   21.12 10.91
1999 265 19 23   23.70 11.14
1999 265 19 24   24.80 11.14
1999 265 19 25   25.07 10.40
1999 265 19 26   25.08 10.52
1999 265 19 27   25.57 11.17
1999 265 19 28   25.37 11.19
1999 265 19 29   24.70 11.62
1999 265 19 30   23.68 13.93
1999 265 19 31   23.90 13.93
1999 265 19 32   23.18 13.93
1999 265 19 33   22.48 12.90
1999 265 19 34   22.53 12.90
1999 265 19 35   23.49 11.01
1999 265 19 36   22.63 11.10
1999 265 19 37   23.67 11.36
1999 265 19 38   20.97 23.33
1999 265 19 39   22.22 23.33
1999 265 19 40   22.70 21.60
1999 265 19 41   21.06 26.92
1999 265 19 42   20.98 30.09
1999 265 19 43   20.72 29.51
1999 265 19 44   19.98 32.15
1999 265 19 45   20.34 32.15
1999 265 19 46   18.89 29.89
1999 265 19 47   19.16 28.15
1999 265 19 48   21.10 33.28
1999 265 19 49   22.74 33.48
1999 265 19 50    7.38 99.99
1999 265 19 51   -1.60 30.51
1999 265 19 52   -0.50 30.76
1999 265 19 53   -2.88 32.96
1999 265 19 54   -4.76 32.95
1999 265 19 55   -8.19 25.26
1999 265 19 56   -5.29 23.37
1999 265 19 57   -6.72 21.23
1999 265 19 58   -7.81 18.98
1999 265 19 59   -7.82 19.42
1999 265 20  0   -7.63 19.95
1999 265 20  1   -9.01 19.51
1999 265 20  2   -8.87 19.50
1999 265 20  3  -10.24 18.42
1999 265 20  4   -9.91 18.24
1999 265 20  5   -9.10 17.80
1999 265 20  6   -8.34 19.32
1999 265 20  7   -2.90 19.44
1999 265 20  8   -0.14 41.25
1999 265 20  9  -10.50 39.75
1999 265 20 10  -13.96 37.97
1999 265 20 11  -14.71 33.02
1999 265 20 12  -17.00 33.02
1999 265 20 13  -18.55 33.10
1999 265 20 14  -20.88 43.74
1999 265 20 15  -24.21 46.28
1999 265 20 16  -24.92 37.61
1999 265 20 17  -24.70 31.96
1999 265 20 18  -23.61 25.25
1999 265 20 19  -23.51 24.57
1999 265 20 20  -22.93 29.74
1999 265 20 21  -23.32 33.99
1999 265 20 22  -24.32 31.95
1999 265 20 23  -24.53 31.05
1999 265 20 24  -24.81 25.32
1999 265 20 25  -23.93 22.48
1999 265 20 26  -22.50 21.83
1999 265 20 27  -22.15 23.66
1999 265 20 28  -21.41 23.66
1999 265 20 29  -21.47 29.95
1999 265 20 30  -19.99 29.18
1999 265 20 31  -21.73 28.08
1999 265 20 32  -22.57 24.48
1999 265 20 33  -22.44 24.68
1999 265 20 34  -22.49 24.76
1999 265 20 35  -24.28 21.84
1999 265 20 36  -22.75 21.60
1999 265 20 37  -20.03 19.62
1999 265 20 38  -22.53 16.79
1999 265 20 39  -19.83 15.78
1999 265 20 40  -18.59 17.34
1999 265 20 41  -15.80 17.34
1999 265 20 42  -17.07 99.99
1999 265 20 43  -17.70 16.51
1999 265 20 44  -20.60 16.51
1999 265 20 45  -19.98 16.60
1999 265 20 46  -19.10 16.81
1999 265 20 47  -19.33 17.59
1999 265 20 48  -19.41 17.94
1999 265 20 49  -19.43 17.89
1999 265 20 50  -19.04 17.74
1999 265 20 51  -19.45 17.70
1999 265 20 52  -19.43 17.70
1999 265 20 53  -19.08 17.11
1999 265 20 54  -16.95 18.01
1999 265 20 55  -17.25 21.59
1999 265 20 56  -19.17 14.18
1999 265 20 57  -19.62 13.19
1999 265 20 58  -20.09 13.47
1999 265 20 59  -20.35 12.63
1999 265 21  0  -20.21 12.55
1999 265 21  1  -20.40 12.66
1999 265 21  2  -20.54 12.47
1999 265 21  3  -20.47 12.39
1999 265 21  4  -18.21 12.69
1999 265 21  5  -18.39 14.31
1999 265 21  6  -18.01 14.82
1999 265 21  7  -17.48 14.96
1999 265 21  8  -18.13 15.08
1999 265 21  9  -17.59 15.08
1999 265 21 10  -17.69 17.04
1999 265 21 11  -18.07 17.05
1999 265 21 12  -18.70 17.07
1999 265 21 13  -18.29 14.13
1999 265 21 14  -18.81 14.12
1999 265 21 15  -19.32 99.99
1999 265 21 16  -19.93 15.87
1999 265 21 17  -19.18 15.87
1999 265 21 18  -19.18 19.11
1999 265 21 19  -14.48 24.07
1999 265 21 20  -10.25 40.29
1999 265 21 21  -12.62 36.92
1999 265 21 22   -4.77 36.44
1999 265 21 23   -8.86 35.41
1999 265 21 24   -9.19 31.65
1999 265 21 25   -6.50 30.84
1999 265 21 26   -6.89 30.66
1999 265 21 27   -9.44 30.95
1999 265 21 28   -9.76 33.97
1999 265 21 29  -10.32 32.28
1999 265 21 30   -9.97 31.68
1999 265 21 31   -9.17 32.24
1999 265 21 32  -10.53 32.24
1999 265 21 33  -16.36 35.41
1999 265 21 34  -16.34 34.47
1999 265 21 35  -18.86 33.04
1999 265 21 36  -18.86 26.67
1999 265 21 37  -19.25 27.94
1999 265 21 38  -19.07 28.37
1999 265 21 39  -18.43 27.13
1999 265 21 40  -18.45 27.13
1999 265 21 41  -18.42 32.69
1999 265 21 42  -18.23 33.12
1999 265 21 43  -16.04 34.06
1999 265 21 44  -17.34 37.44
1999 265 21 45  -16.29 37.76
1999 265 21 46  -14.98 41.41
1999 265 21 47  -18.06 36.25
1999 265 21 48  -21.76 25.62
1999 265 21 49  -18.50 22.49
1999 265 21 50  -20.75 19.87
1999 265 21 51  -21.18 22.02
1999 265 21 52  -20.78 16.76
1999 265 21 53  -21.61  8.12
1999 265 21 54  -22.55  7.26
1999 265 21 55  -22.86  7.24
1999 265 21 56  -23.26  8.68
1999 265 21 57  -23.22  9.04
1999 265 21 58  -22.87 13.22
1999 265 21 59  -22.44 13.26
1999 265 22  0  -22.84 13.29
1999 265 22  1  -23.16  7.63
1999 265 22  2  -23.15  7.65
1999 265 22  3  -22.09  8.17
1999 265 22  4  -22.13  9.32
1999 265 22  5  -22.22 10.26
1999 265 22  6  -21.86 12.42
1999 265 22  7  -21.59 12.80
1999 265 22  8  -21.45 11.52
1999 265 22  9  -21.37 15.17
1999 265 22 10  -21.28 17.30
1999 265 22 11  -21.39 16.11
1999 265 22 12  -21.46 15.87
1999 265 22 13  -20.98 14.70
1999 265 22 14  -20.13 18.32
1999 265 22 15  -20.00 18.50
1999 265 22 16  -19.47 14.97
1999 265 22 17  -18.76 13.12
1999 265 22 18  -14.96 11.47
1999 265 22 19  -17.53 11.47
1999 265 22 20  -15.44 22.92
1999 265 22 21  -15.31 22.92
1999 265 22 22  -14.12 22.65
1999 265 22 23  -12.26 21.15
1999 265 22 24  -16.82 20.57
1999 265 22 25  -16.69 20.90
1999 265 22 26  -16.17 22.48
1999 265 22 27  -15.29 26.59
1999 265 22 28  -15.54 26.80
1999 265 22 29  -15.72 27.75
1999 265 22 30  -15.58 28.22
1999 265 22 31  -15.89 28.43
1999 265 22 32  -15.36 26.01
1999 265 22 33  -14.50 26.45
1999 265 22 34  -14.82 28.21
1999 265 22 35  -17.05 16.34
1999 265 22 36  -17.15 14.45
1999 265 22 37  -16.95 13.79
1999 265 22 38  -17.04 13.79
1999 265 22 39  -17.26 13.10
1999 265 22 40  -17.37 13.39
1999 265 22 41  -17.37 13.53
1999 265 22 42  -16.79 13.20
1999 265 22 43  -16.81 13.89
1999 265 22 44  -16.86 14.56
1999 265 22 45  -16.33 14.70
1999 265 22 46  -16.28 14.71
1999 265 22 47  -16.02 14.86
1999 265 22 48  -15.71 16.00
1999 265 22 49  -15.37 16.47
1999 265 22 50  -14.94 16.16
1999 265 22 51  -14.96 15.53
1999 265 22 52  -14.88 15.04
1999 265 22 53  -14.34 13.98
1999 265 22 54  -14.53 14.01
1999 265 22 55  -14.59 18.46
1999 265 22 56  -14.31 18.46
1999 265 22 57  -14.75 18.88
1999 265 22 58  -13.05 19.51
1999 265 22 59  -11.40 17.99
1999 265 23  0  -10.10 19.15
1999 265 23  1   -9.91 20.03
1999 265 23  2  -10.74 20.92
1999 265 23  3  -10.45 19.52
1999 265 23  4  -10.98 19.39
1999 265 23  5  -11.95 18.31
1999 265 23  6  -12.00 18.31
1999 265 23  7  -10.96 18.39
1999 265 23  8  -11.49 18.90
1999 265 23  9  -11.12 18.90
1999 265 23 10  -10.83 99.99
1999 265 23 11   -8.43 20.52
1999 265 23 12   -9.80 20.52
1999 265 23 13   -9.69 14.34
1999 265 23 14   -9.82 14.17
1999 265 23 15   -9.28 13.99
1999 265 23 16   -8.64 14.09
1999 265 23 17   -6.89 14.18
1999 265 23 18   -6.35 14.96
1999 265 23 19   -2.43 13.98
1999 265 23 20   -2.09 13.92
1999 265 23 21   -0.78 14.85
1999 265 23 22   -3.42 15.54
1999 265 23 23   -1.87 15.86
1999 265 23 24   -1.98 18.64
1999 265 23 25   -1.54 19.44
1999 265 23 26   -1.51 21.36
1999 265 23 27   -0.97 21.65
1999 265 23 28    0.94 21.84
1999 265 23 29   -1.72 21.01
1999 265 23 30   -5.03 20.03
1999 265 23 31  -10.86 18.60
1999 265 23 32  -10.93 12.35
1999 265 23 33   -5.32 11.11
1999 265 23 34   -5.75  9.82
1999 265 23 35   -5.22 10.31
1999 265 23 36   -2.57 10.30
1999 265 23 37   -2.48  9.66
1999 265 23 38   -3.86  9.12
1999 265 23 39   -3.74  8.12
1999 265 23 40   -3.45  7.16
1999 265 23 41   -5.20  6.69
1999 265 23 42   -6.39  6.24
1999 265 23 43   -7.73  6.60
1999 265 23 44   -5.46  6.60
1999 265 23 45   -3.90  6.37
1999 265 23 46   -3.61  6.65
1999 265 23 47   -3.02  6.68
1999 265 23 48   -2.72  5.96
1999 265 23 49   -2.15  5.69
1999 265 23 50   -1.47  5.65
1999 265 23 51   -1.28  5.40
1999 265 23 52   -2.66  5.56
1999 265 23 53   -2.94  6.05
1999 265 23 54   -2.65  7.26
1999 265 23 55   -2.66  7.22
1999 265 23 56   -4.52  6.81
1999 265 23 57   -4.18  6.84
1999 265 23 58   -4.11  6.86
1999 265 23 59   -4.01  7.01
1999 266  0  0   -3.61  7.06
1999 266  0  1   -2.62  7.46
1999 266  0  2   -2.46  7.50
1999 266  0  3   -2.57  7.50
1999 266  0  4   -2.14  7.34
1999 266  0  5   -2.42  7.33
1999 266  0  6   -2.24  7.13
1999 266  0  7   -3.17  7.14
1999 266  0  8   -2.66  7.14
1999 266  0  9   -2.77  7.17
1999 266  0 10   -3.20  7.17
1999 266  0 11   -2.84 99.99
1999 266  0 12   -2.47 99.99
1999 266  0 13   -2.23 99.99
1999 266  0 14   -1.51  6.99
1999 266  0 15   -1.27  6.97
1999 266  0 16   -1.30  6.88
1999 266  0 17   -1.46  7.03
1999 266  0 18   -1.68  7.06
1999 266  0 19   -1.80  6.20
1999 266  0 20   -1.34  6.39
1999 266  0 21   -1.37  7.37
1999 266  0 22   -1.28  6.93
1999 266  0 23   -1.33  6.91
1999 266  0 24   -1.27  6.77
1999 266  0 25   -1.43  6.78
1999 266  0 26   -0.83  6.81
1999 266  0 27   -1.02  7.33
1999 266  0 28   -0.95  7.38
1999 266  0 29   -0.91 99.99
1999 266  0 30   -0.64  5.81
1999 266  0 31   -0.75  5.81
1999 266  0 32   -0.75  5.98
1999 266  0 33   -0.64  6.01
1999 266  0 34   -0.27  5.77
1999 266  0 35   -0.19  5.77
1999 266  0 36   -0.20  6.14
1999 266  0 37    0.03  6.14
1999 266  0 38    0.25  6.15
1999 266  0 39    0.61  5.76
1999 266  0 40    0.62  5.76
1999 266  0 41    0.85  5.49
1999 266  0 42    1.13  5.51
1999 266  0 43    1.01  5.65
1999 266  0 44    0.80  5.70
1999 266  0 45    0.71  5.70
1999 266  0 46    0.66 99.99
1999 266  0 47    0.95  5.73
1999 266  0 48    1.19  5.73
1999 266  0 49    0.76  6.19
1999 266  0 50    0.44  6.24
1999 266  0 51    0.12  7.82
1999 266  0 52    0.01  7.70
1999 266  0 53    0.21  6.77
1999 266  0 54    0.40  7.53
1999 266  0 55    0.63  7.75
1999 266  0 56    0.58  6.60
1999 266  0 57    0.82  6.59
1999 266  0 58    1.19  7.20
1999 266  0 59    1.20  7.18
1999 266  1  0    1.24  7.00
1999 266  1  1    0.15  6.52
1999 266  1  2    0.72  6.39
1999 266  1  3    1.06 99.99
1999 266  1  4    1.29  6.69
1999 266  1  5    1.80  6.69
1999 266  1  6    1.81  6.37
1999 266  1  7    1.81  6.19
1999 266  1  8    1.92  5.47
1999 266  1  9    0.98  5.42
1999 266  1 10    0.72  5.55
1999 266  1 11    0.85  6.03
1999 266  1 12    1.39  7.44
1999 266  1 13    1.14  6.94
1999 266  1 14    1.92  6.87
1999 266  1 15    2.08  5.20
1999 266  1 16    2.63  5.22
1999 266  1 17    3.04  5.63
1999 266  1 18    3.25  5.28
1999 266  1 19    3.07  4.97
1999 266  1 20    3.10  4.63
1999 266  1 21    2.73  4.64
1999 266  1 22    2.49  5.92
1999 266  1 23    2.30  5.54
1999 266  1 24    1.12  5.11
1999 266  1 25    1.13  5.26
1999 266  1 26    0.90  5.28
1999 266  1 27    1.32  5.34
1999 266  1 28    1.75  5.42
1999 266  1 29    1.71  5.65
1999 266  1 30    1.71  5.77
1999 266  1 31    1.90  5.81
1999 266  1 32    1.80  5.38
1999 266  1 33    2.53  5.38
1999 266  1 34    1.76  4.87
1999 266  1 35    2.04  4.88
1999 266  1 36    2.13  4.91
1999 266  1 37    1.98  4.91
1999 266  1 38    2.06 99.99
1999 266  1 39    2.17  4.57
1999 266  1 40    2.31  4.57
1999 266  1 41    2.59  5.52
1999 266  1 42    1.88  5.54
1999 266  1 43    3.78  5.71
1999 266  1 44    3.50  5.54
1999 266  1 45    2.90  5.64
1999 266  1 46    2.54  6.24
1999 266  1 47    3.21  6.37
1999 266  1 48    4.84  6.62
1999 266  1 49    4.88  6.57
1999 266  1 50    4.67  6.55
1999 266  1 51    6.22  6.18
1999 266  1 52    5.59  6.19
1999 266  1 53    5.55  6.20
1999 266  1 54    6.04  6.20
1999 266  1 55    6.00  7.10
1999 266  1 56    5.78  6.68
1999 266  1 57    6.26  6.49
1999 266  1 58    4.39  6.50
1999 266  1 59    4.26  6.48
1999 266  2  0    3.53  6.41
1999 266  2  1    3.65  6.24
1999 266  2  2    4.31  6.21
1999 266  2  3    4.53  6.54
1999 266  2  4    3.33  6.54
1999 266  2  5    2.23  7.15
1999 266  2  6    1.22  7.06
1999 266  2  7    1.49  6.68
1999 266  2  8    1.47  6.45
1999 266  2  9    1.44  6.43
1999 266  2 10   -0.09  6.97
1999 266  2 11    0.05  6.97
1999 266  2 12   -1.69  8.05
1999 266  2 13   -2.74  8.19
1999 266  2 14   -3.01 10.12
1999 266  2 15   -3.05 10.94
1999 266  2 16   -3.55 11.14
1999 266  2 17   -2.66 12.47
1999 266  2 18   -1.71 12.48
1999 266  2 19   -1.25 13.77
1999 266  2 20   -1.04 12.90
1999 266  2 21   -1.51 12.22
1999 266  2 22   -1.58 13.35
1999 266  2 23   -1.94 13.35
1999 266  2 24   -1.94 14.50
1999 266  2 25   -0.53 14.44
1999 266  2 26   -1.76 12.80
1999 266  2 27   -1.01 10.53
1999 266  2 28   -0.39  9.11
1999 266  2 29    0.86 10.21
1999 266  2 30    2.56 10.50
1999 266  2 31    2.81  9.60
1999 266  2 32    2.75  9.42
1999 266  2 33    2.70  9.46
1999 266  2 34    1.19  9.50
1999 266  2 35    1.77  9.51
1999 266  2 36    3.43  9.05
1999 266  2 37    4.28  9.11
1999 266  2 38    4.12 10.22
1999 266  2 39    2.72 10.02
1999 266  2 40    1.51  9.83
1999 266  2 41    0.96  9.32
1999 266  2 42   -0.09 10.40
1999 266  2 43   -1.00 11.90
1999 266  2 44   -9.74 17.38
1999 266  2 45   -8.98 18.53
1999 266  2 46   -7.46 15.57
1999 266  2 47   -7.35 15.65
1999 266  2 48   -6.59 17.16
1999 266  2 49   -5.28 17.06
1999 266  2 50   -5.16 16.18
1999 266  2 51   -5.92 10.86
1999 266  2 52   -5.63 10.84
1999 266  2 53   -3.57 12.28
1999 266  2 54    1.71 12.33
1999 266  2 55    4.63  5.40
1999 266  2 56    5.14  5.39
1999 266  2 57    4.81  5.70
1999 266  2 58    5.02  5.74
1999 266  2 59    5.21  5.76
1999 266  3  0    5.24  5.59
1999 266  3  1    5.10  5.59
1999 266  3  2    4.33  6.10
1999 266  3  3    4.66  6.63
1999 266  3  4    4.79  5.08
1999 266  3  5    5.66  4.85
1999 266  3  6    5.24  4.74
1999 266  3  7    5.32  4.72
1999 266  3  8    5.60  4.49
1999 266  3  9    5.71  4.49
1999 266  3 10    5.58  5.09
1999 266  3 11    6.08  5.02
1999 266  3 12    6.11  4.62
1999 266  3 13    6.12  4.62
1999 266  3 14    6.34  4.47
1999 266  3 15    6.52  4.29
1999 266  3 16    6.84  3.94
1999 266  3 17    6.33  4.85
1999 266  3 18    4.80  4.85
1999 266  3 19    4.37  3.48
1999 266  3 20    4.89  3.48
1999 266  3 21    4.41  3.75
1999 266  3 22    2.72  3.94
1999 266  3 23  -14.55  3.94
1999 266  3 24  -15.40 99.99
1999 266  3 25  -15.43 99.99
1999 266  3 26  -15.06 99.99
1999 266  3 27  -14.97  5.20
1999 266  3 28  -15.05  5.16
1999 266  3 29  -15.25  4.61
1999 266  3 30  -14.98  3.98
1999 266  3 31  -15.18  4.56
1999 266  3 32  -14.81  4.75
1999 266  3 33  -14.79  4.58
1999 266  3 34  -15.06  4.58
1999 266  3 35  -14.68  4.06
1999 266  3 36  -14.37  4.11
1999 266  3 37  -15.14  5.26
1999 266  3 38  -14.91  5.26
1999 266  3 39  -14.04  5.25
1999 266  3 40  -13.95  5.02
1999 266  3 41  -14.21  3.75
1999 266  3 42  -14.23  3.51
1999 266  3 43  -14.63  3.94
1999 266  3 44  -14.65  3.85
1999 266  3 45  -11.40  3.67
1999 266  3 46  -10.65  4.31
1999 266  3 47  -10.83  3.85
1999 266  3 48  -14.33  3.65
1999 266  3 49  -13.90  4.26
1999 266  3 50  -13.90  3.68
1999 266  3 51  -13.88  3.66
1999 266  3 52  -13.84  3.72
1999 266  3 53  -13.97  3.90
1999 266  3 54  -13.62  3.84
1999 266  3 55  -13.29  3.80
1999 266  3 56  -13.00 99.99
1999 266  3 57  -12.75  3.65
1999 266  3 58  -12.02  3.76
1999 266  3 59  -10.76  3.85
1999 266  4  0  -10.23  3.84
1999 266  4  1  -10.42  3.54
1999 266  4  2  -10.59  3.43
1999 266  4  3  -10.87  3.34
1999 266  4  4  -10.87  3.34
1999 266  4  5  -10.59  3.34
1999 266  4  6  -11.00  3.34
1999 266  4  7  -11.09  3.34
1999 266  4  8  -10.95  3.03
1999 266  4  9  -11.91  3.03
1999 266  4 10  -12.66  3.57
1999 266  4 11  -12.17  3.77
1999 266  4 12  -12.21  3.43
1999 266  4 13  -12.25  3.56
1999 266  4 14  -13.12  3.72
1999 266  4 15  -12.36  4.22
1999 266  4 16  -12.39  4.08
1999 266  4 17  -12.06  3.85
1999 266  4 18  -12.18  3.81
1999 266  4 19   -8.94  3.75
1999 266  4 20   -6.77  3.22
1999 266  4 21   -7.81  3.19
1999 266  4 22   -7.85  3.24
1999 266  4 23   -8.36  3.24
1999 266  4 24   -8.04  3.23
1999 266  4 25   -5.94  2.93
1999 266  4 26   -6.86  2.92
1999 266  4 27   -8.08  3.25
1999 266  4 28   -5.39  3.31
1999 266  4 29   -6.35  3.30
1999 266  4 30   -6.27  3.20
1999 266  4 31   -6.13  3.10
1999 266  4 32   -5.97  3.08
1999 266  4 33   -6.69  3.16
1999 266  4 34   -6.17  3.18
1999 266  4 35   -4.70  3.21
1999 266  4 36   -6.31  3.06
1999 266  4 37   -7.82  3.07
1999 266  4 38   -5.95  3.40
1999 266  4 39   -4.91  3.34
1999 266  4 40   -3.79  2.63
1999 266  4 41   -4.45  3.06
1999 266  4 42   -6.00  3.19
1999 266  4 43   -6.52  4.05
1999 266  4 44   -3.95  3.62
1999 266  4 45   -3.63  3.36
1999 266  4 46   -3.16  3.20
1999 266  4 47   -1.18  3.29
1999 266  4 48   -1.83  3.28
1999 266  4 49   -1.32  2.83
1999 266  4 50   -0.58  2.82
1999 266  4 51   -0.11  2.82
1999 266  4 52    0.19  2.27
1999 266  4 53   -0.69  2.10
1999 266  4 54   -1.71  2.03
1999 266  4 55   -1.14  2.62
1999 266  4 56   -0.60  2.53
1999 266  4 57    0.55  2.24
1999 266  4 58    0.62  2.43
1999 266  4 59    0.52  2.70
1999 266  5  0    0.54  2.70
1999 266  5  1    0.68  2.70
1999 266  5  2    0.30 99.99
1999 266  5  3    0.20 99.99
1999 266  5  4    0.78  2.36
1999 266  5  5    1.13  2.36
1999 266  5  6    0.35  2.34
1999 266  5  7    0.19  2.34
1999 266  5  8    0.48  2.39
1999 266  5  9    0.13  2.39
1999 266  5 10   -0.18  2.44
1999 266  5 11    0.33  2.44
1999 266  5 12    1.92  2.28
1999 266  5 13    3.17  2.28
1999 266  5 14    1.56  2.85
1999 266  5 15    0.61  2.82
1999 266  5 16    0.22  2.73
1999 266  5 17    1.12  2.70
1999 266  5 18    1.82  2.70
1999 266  5 19    1.83  1.99
1999 266  5 20    1.98  1.99
1999 266  5 21    2.36  1.86
1999 266  5 22    3.74  1.88
1999 266  5 23    5.60  1.98
1999 266  5 24    4.87  2.20
1999 266  5 25    4.62  2.22
1999 266  5 26    2.91  2.17
1999 266  5 27    0.94  2.30
1999 266  5 28   -2.77  2.33
1999 266  5 29   -3.55  2.13
1999 266  5 30   -4.09  2.17
1999 266  5 31   -5.77  2.46
1999 266  5 32   -5.85  2.43
1999 266  5 33   -6.05  2.43
1999 266  5 34   -5.62  2.37
1999 266  5 35   -6.30  2.39
1999 266  5 36   -7.65  2.65
1999 266  5 37   -8.20  2.64
1999 266  5 38   -8.99  2.64
1999 266  5 39   -3.41  3.02
1999 266  5 40    2.72  2.58
1999 266  5 41    3.52  1.70
1999 266  5 42    2.75  1.70
1999 266  5 43    2.69 99.99
1999 266  5 44    3.60  1.63
1999 266  5 45    4.07  1.63
1999 266  5 46    5.58  1.37
1999 266  5 47    7.00  1.53
1999 266  5 48    7.91  1.70
1999 266  5 49    5.86  1.95
1999 266  5 50    3.37  1.83
1999 266  5 51    3.60  1.53
1999 266  5 52    7.75  1.86
1999 266  5 53    7.21  1.83
1999 266  5 54    5.79  1.65
1999 266  5 55    5.63  1.56
1999 266  5 56    6.73  1.52
1999 266  5 57    7.56  1.43
1999 266  5 58    6.89  1.43
1999 266  5 59    5.95  1.71
1999 266  6  0    5.34  1.55
1999 266  6  1    6.14  1.47
1999 266  6  2    5.87  1.48
1999 266  6  3    6.58  1.53
1999 266  6  4    7.33  1.76
1999 266  6  5    5.90  1.60
1999 266  6  6    5.42  1.61
1999 266  6  7    5.15  1.62
1999 266  6  8    5.18  1.58
1999 266  6  9    5.92  1.58
1999 266  6 10    6.29  1.68
1999 266  6 11    6.23  1.68
1999 266  6 12    4.93  1.57
1999 266  6 13    5.10  1.57
1999 266  6 14    4.05  1.73
1999 266  6 15    5.62  1.74
1999 266  6 16    5.06  1.76
1999 266  6 17    5.10  1.69
1999 266  6 18    5.24  1.69
1999 266  6 19    4.48  1.91
1999 266  6 20    4.23  2.09
1999 266  6 21    5.17  1.75
1999 266  6 22    4.78  1.75
1999 266  6 23    5.32  1.59
1999 266  6 24    5.05  1.61
1999 266  6 25    4.97  1.81
1999 266  6 26    5.07  1.69
1999 266  6 27    6.18  1.63
1999 266  6 28    6.44  1.65
1999 266  6 29    6.64  1.77
1999 266  6 30    5.79  1.82
1999 266  6 31    7.08  1.96
1999 266  6 32    7.96  1.91
1999 266  6 33    7.49  1.75
1999 266  6 34    7.85  1.48
1999 266  6 35    8.05  1.47
1999 266  6 36    7.28  1.39
1999 266  6 37    6.15  1.43
1999 266  6 38    6.14  1.45
1999 266  6 39    5.61  1.45
1999 266  6 40    5.37  1.54
1999 266  6 41    5.57  1.54
1999 266  6 42    5.58 99.99
1999 266  6 43    5.23  1.52
1999 266  6 44    6.21  1.52
1999 266  6 45    6.71  1.41
1999 266  6 46    7.14  1.41
1999 266  6 47    7.09  1.59
1999 266  6 48    6.58  1.74
1999 266  6 49    6.49  1.78
1999 266  6 50    7.07  1.72
1999 266  6 51    6.08  1.72
1999 266  6 52    6.38  1.64
1999 266  6 53    7.64  1.87
1999 266  6 54    8.33  1.98
1999 266  6 55    8.72  1.75
1999 266  6 56    8.25  1.75
1999 266  6 57    8.49  1.67
1999 266  6 58    3.97  1.89
1999 266  6 59    8.44  2.09
1999 266  7  0    7.67  2.42
1999 266  7  1    6.36  1.63
1999 266  7  2    6.36  1.66
1999 266  7  3    4.58  2.19
1999 266  7  4    2.68  2.00
1999 266  7  5    5.33  1.97
1999 266  7  6    5.90  1.57
1999 266  7  7    6.02  1.71
1999 266  7  8    6.20  1.76
1999 266  7  9    6.80  1.67
1999 266  7 10    6.78  1.73
1999 266  7 11    6.96  1.59
1999 266  7 12    7.12  1.53
1999 266  7 13    7.47  1.54
1999 266  7 14    7.16  1.54
1999 266  7 15    6.64  1.50
1999 266  7 16    6.42  1.50
1999 266  7 17    6.10  1.18
1999 266  7 18    0.62  1.92
1999 266  7 19   -4.26  2.74
1999 266  7 20   -4.73  2.95
1999 266  7 21   -4.11  2.95
1999 266  7 22   -3.76  3.24
1999 266  7 23   -3.59  3.24
1999 266  7 24   -0.34  3.20
1999 266  7 25   -0.20  3.13
1999 266  7 26    1.47  3.09
1999 266  7 27    2.50  2.90
1999 266  7 28    2.57  2.86
1999 266  7 29    3.52  2.74
1999 266  7 30    3.10  2.68
1999 266  7 31    5.43  2.68
1999 266  7 32    5.92 99.99
1999 266  7 33    5.34 99.99
1999 266  7 34    5.14  2.41
1999 266  7 35    7.06  2.48
1999 266  7 36    6.30  2.98
1999 266  7 37    1.20  2.95
1999 266  7 38    1.25  2.68
1999 266  7 39    1.13  2.73
1999 266  7 40    1.10  2.83
1999 266  7 41    1.19  2.71
1999 266  7 42    6.51  2.60
1999 266  7 43    5.89  2.16
1999 266  7 44    5.39  2.23
1999 266  7 45    4.44  2.25
1999 266  7 46    4.08  2.24
1999 266  7 47    3.83  2.24
1999 266  7 48    3.41  2.40
1999 266  7 49    3.14  2.48
1999 266  7 50    2.33  2.52
1999 266  7 51    2.60  2.41
1999 266  7 52    1.57  2.41
1999 266  7 53    3.58  2.40
1999 266  7 54    6.95  2.36
1999 266  7 55    6.03  2.29
1999 266  7 56    5.13  1.98
1999 266  7 57    5.32  1.98
1999 266  7 58    4.70  1.84
1999 266  7 59    4.68  1.88
1999 266  8  0    4.53  1.96
1999 266  8  1    3.34  2.14
1999 266  8  2    3.44  2.14
1999 266  8  3    3.29  2.06
1999 266  8  4    2.50  2.27
1999 266  8  5    3.29  2.37
1999 266  8  6    2.93  2.32
1999 266  8  7    2.19  2.31
1999 266  8  8    0.69  2.22
1999 266  8  9    1.17  2.13
1999 266  8 10    0.46  2.11
1999 266  8 11    0.33  2.20
1999 266  8 12    0.84  2.22
1999 266  8 13   -0.15  2.24
1999 266  8 14   -1.58  2.47
1999 266  8 15    0.61  2.48
1999 266  8 16   -0.54  1.87
1999 266  8 17    0.16  2.45
1999 266  8 18    1.22  2.54
1999 266  8 19    1.17  2.41
1999 266  8 20    3.77 99.99
1999 266  8 21    3.33  2.18
1999 266  8 22    2.08  2.15
1999 266  8 23    3.73  2.14
1999 266  8 24    3.98  2.14
1999 266  8 25    5.51  2.28
1999 266  8 26    5.85  2.29
1999 266  8 27    5.45  2.23
1999 266  8 28    5.96  2.18
1999 266  8 29    5.83  2.16
1999 266  8 30    5.75 99.99
1999 266  8 31    6.30  2.02
1999 266  8 32    6.89  2.02
1999 266  8 33    7.69  1.78
1999 266  8 34    8.36  1.76
1999 266  8 35    9.14  1.76
1999 266  8 36   10.14  1.74
1999 266  8 37   10.28  1.48
1999 266  8 38   11.11  1.40
1999 266  8 39   11.14  1.47
1999 266  8 40    6.12  1.54
1999 266  8 41    5.92  1.78
1999 266  8 42    7.08  1.89
1999 266  8 43    3.61  1.76
1999 266  8 44    7.96  1.79
1999 266  8 45    8.62  1.89
1999 266  8 46    9.02  1.75
1999 266  8 47    8.48  1.67
1999 266  8 48    7.99  1.73
1999 266  8 49    7.29  1.86
1999 266  8 50    7.20  1.49
1999 266  8 51    7.59  1.50
1999 266  8 52    5.92  1.76
1999 266  8 53    6.09  1.92
1999 266  8 54    6.00  1.98
1999 266  8 55    5.21  1.45
1999 266  8 56    5.65  1.48
1999 266  8 57    4.38  1.56
1999 266  8 58    4.27  1.61
1999 266  8 59    4.62  1.67
1999 266  9  0    3.58  1.67
1999 266  9  1    5.16  1.79
1999 266  9  2    4.43  1.81
1999 266  9  3    0.95  1.94
1999 266  9  4    0.85  1.94
1999 266  9  5    0.68  1.94
1999 266  9  6    1.66  1.85
1999 266  9  7    1.61  1.85
1999 266  9  8    1.01  1.78
1999 266  9  9    1.82  1.78
1999 266  9 10    2.48  1.76
1999 266  9 11    3.05  1.86
1999 266  9 12    3.39  1.89
1999 266  9 13    3.37  1.89
1999 266  9 14    3.23  1.89
1999 266  9 15    3.68  1.74
1999 266  9 16    3.78  1.66
1999 266  9 17    3.69  1.60
1999 266  9 18    3.25  1.73
1999 266  9 19    2.88  1.73
1999 266  9 20    3.34  1.69
1999 266  9 21    3.68  1.63
1999 266  9 22    3.61  1.55
1999 266  9 23    4.70  1.58
1999 266  9 24    6.32  1.71
1999 266  9 25    3.13  1.67
1999 266  9 26    3.02  1.65
1999 266  9 27    3.37  1.52
1999 266  9 28    3.29  1.53
1999 266  9 29    2.13  1.53
1999 266  9 30    2.30  1.47
1999 266  9 31    0.97  1.48
1999 266  9 32    2.24  1.55
1999 266  9 33    2.36  1.54
1999 266  9 34    4.25  1.74
1999 266  9 35    3.62  2.08
1999 266  9 36    2.69  1.76
1999 266  9 37    1.69  1.73
1999 266  9 38    1.45  1.66
1999 266  9 39    1.39  1.41
1999 266  9 40    1.45  1.36
1999 266  9 41    1.44  1.07
1999 266  9 42    0.84  1.21
1999 266  9 43    1.30  1.23
1999 266  9 44    1.38  1.24
1999 266  9 45    1.17  1.24
1999 266  9 46    1.01  1.25
1999 266  9 47    0.72  1.25
1999 266  9 48    0.57  1.10
1999 266  9 49    0.36  1.10
1999 266  9 50    0.68  1.11
1999 266  9 51    1.76  1.19
1999 266  9 52    1.78  1.20
1999 266  9 53    1.63  1.17
1999 266  9 54    1.36  1.26
1999 266  9 55    0.90  1.33
1999 266  9 56    1.33  1.32
1999 266  9 57    0.94  1.32
1999 266  9 58    1.13  1.25
1999 266  9 59    1.28  1.23
1999 266 10  0    0.99  1.21
1999 266 10  1    1.11  1.13
1999 266 10  2    1.16  1.14
1999 266 10  3    1.43  1.22
1999 266 10  4    1.10  1.23
1999 266 10  5    0.68  1.23
1999 266 10  6    1.22  1.10
1999 266 10  7    1.15  1.11
1999 266 10  8    1.34  1.12
1999 266 10  9    1.60  1.09
1999 266 10 10    1.85  1.09
1999 266 10 11    1.87  1.07
1999 266 10 12    1.92  1.06
1999 266 10 13    1.96  1.04
1999 266 10 14    1.89  1.09
1999 266 10 15    2.27  1.07
1999 266 10 16    2.20  1.01
1999 266 10 17    1.93  1.11
1999 266 10 18    1.66  1.11
1999 266 10 19    1.70  1.25
1999 266 10 20    1.85  0.98
1999 266 10 21    1.94  0.81
1999 266 10 22    1.82  1.01
1999 266 10 23    2.03  1.06
1999 266 10 24    2.24  1.13
1999 266 10 25    1.76  1.18
1999 266 10 26    1.45  1.18
1999 266 10 27    1.40  1.17
1999 266 10 28    2.32  1.14
1999 266 10 29    2.49  1.07
1999 266 10 30    1.75  1.19
1999 266 10 31    2.15  1.19
1999 266 10 32    1.88  1.19
1999 266 10 33    1.25  1.16
1999 266 10 34    1.28  1.15
1999 266 10 35    1.31  1.16
1999 266 10 36    1.45  1.16
1999 266 10 37    1.51  1.08
1999 266 10 38    1.63  1.07
1999 266 10 39    1.73  1.05
1999 266 10 40    1.76  1.21
1999 266 10 41    2.05  1.21
1999 266 10 42    2.19  1.21
1999 266 10 43    1.96  1.21
1999 266 10 44    1.97  1.15
1999 266 10 45    2.01  1.08
1999 266 10 46    1.99  1.10
1999 266 10 47    2.00  1.11
1999 266 10 48    2.11  1.13
1999 266 10 49    1.92  1.13
1999 266 10 50    1.81  1.17
1999 266 10 51    1.66  1.15
1999 266 10 52    1.92  1.12
1999 266 10 53    2.06  1.19
1999 266 10 54    2.00  1.19
1999 266 10 55    2.04  1.06
1999 266 10 56    2.02  1.09
1999 266 10 57    1.95  1.19
1999 266 10 58    2.13  1.18
1999 266 10 59    2.21  1.18
1999 266 11  0    2.22  1.14
1999 266 11  1    2.01  1.14
1999 266 11  2    2.15  1.15
1999 266 11  3    2.07  1.15
1999 266 11  4    2.00  1.15
1999 266 11  5    1.94  1.17
1999 266 11  6    1.88  1.20
1999 266 11  7    1.75  1.23
1999 266 11  8    1.69  1.17
1999 266 11  9    1.67  1.16
1999 266 11 10    3.61  1.11
1999 266 11 11    3.94  1.10
1999 266 11 12    3.63  1.09
1999 266 11 13    3.32  1.22
1999 266 11 14    3.74  1.16
1999 266 11 15    3.90  1.21
1999 266 11 16    3.68  1.30
1999 266 11 17    3.84  1.18
1999 266 11 18    3.65  1.15
1999 266 11 19    3.67  1.16
1999 266 11 20    3.55  1.16
1999 266 11 21    3.14  0.97
1999 266 11 22    3.21  0.97
1999 266 11 23    2.91  1.25
1999 266 11 24    2.74  1.23
1999 266 11 25    2.73  1.21
1999 266 11 26    2.52  1.19
1999 266 11 27    2.27  1.04
1999 266 11 28    2.33  1.00
1999 266 11 29    2.20  1.21
1999 266 11 30    2.65  1.21
1999 266 11 31    2.29  1.20
1999 266 11 32    1.88  1.22
1999 266 11 33    2.28  1.23
1999 266 11 34    2.87  1.23
1999 266 11 35    3.25  1.00
1999 266 11 36    1.12  1.07
1999 266 11 37    1.20  1.00
1999 266 11 38    1.44  0.98
1999 266 11 39    2.39  1.11
1999 266 11 40    3.05  1.11
1999 266 11 41    3.56  1.16
1999 266 11 42    3.50  1.19
1999 266 11 43    3.72  1.22
1999 266 11 44    2.99  1.09
1999 266 11 45    2.56  1.10
1999 266 11 46    2.97  1.16
1999 266 11 47    2.92  1.16
1999 266 11 48    3.50  1.16
1999 266 11 49    3.29  1.15
1999 266 11 50    3.30  1.12
1999 266 11 51    2.48  1.15
1999 266 11 52    1.80  1.16
1999 266 11 53    1.79  1.12
1999 266 11 54    1.97  1.13
1999 266 11 55    1.46  1.28
1999 266 11 56    1.82  1.28
1999 266 11 57    3.04  1.09
1999 266 11 58    3.00  1.15
1999 266 11 59    2.02  1.24
1999 266 12  0    1.17  1.27
1999 266 12  1    3.33  1.27
1999 266 12  2    3.47  1.02
1999 266 12  3    3.56  1.10
1999 266 12  4    3.62  1.20
1999 266 12  5    3.61  1.13
1999 266 12  6    3.79  1.13
1999 266 12  7    3.75  1.09
1999 266 12  8    3.40  1.10
1999 266 12  9    3.78  1.12
1999 266 12 10    4.65  1.13
1999 266 12 11    5.10  1.13
1999 266 12 12    4.35  1.13
1999 266 12 13    4.41  1.08
1999 266 12 14    4.43  1.11
1999 266 12 15    4.33  1.11
1999 266 12 16    4.33  1.13
1999 266 12 17    4.56  1.13
1999 266 12 18    4.75  1.00
1999 266 12 19    4.86  1.15
1999 266 12 20    5.14  1.16
1999 266 12 21    5.27  1.08
1999 266 12 22    4.67  1.13
1999 266 12 23    3.90  1.14
1999 266 12 24    4.03  1.17
1999 266 12 25    3.59  1.17
1999 266 12 26    0.88  1.25
1999 266 12 27    3.49  1.27
1999 266 12 28    3.70  1.28
1999 266 12 29    4.05  1.26
1999 266 12 30    4.58  1.25
1999 266 12 31    4.70  1.24
1999 266 12 32    4.65  1.25
1999 266 12 33    4.84  1.25
1999 266 12 34    5.09  1.08
1999 266 12 35    4.99  1.14
1999 266 12 36    4.26  1.18
1999 266 12 37    4.28  1.27
1999 266 12 38    3.38  1.16
1999 266 12 39    2.96  1.13
1999 266 12 40    2.65  1.13
1999 266 12 41    5.54  1.15
1999 266 12 42    4.94  1.15
1999 266 12 43    4.89  1.10
1999 266 12 44    5.63  1.09
1999 266 12 45    5.08  1.06
1999 266 12 46    4.09  1.21
1999 266 12 47    4.31  1.27
1999 266 12 48    3.87  1.10
1999 266 12 49    3.44  1.10
1999 266 12 50    3.31  1.08
1999 266 12 51    2.31  1.09
1999 266 12 52    2.00  1.19
1999 266 12 53    3.97  1.20
1999 266 12 54    3.30  1.20
1999 266 12 55    3.48  1.34
1999 266 12 56    1.85  1.30
1999 266 12 57    1.30  1.17
1999 266 12 58    1.32  1.12
1999 266 12 59    1.02  1.12
1999 266 13  0    0.81  1.17
1999 266 13  1    0.88  1.17
1999 266 13  2    0.78  1.15
1999 266 13  3    0.10  1.03
1999 266 13  4    0.22  1.04
1999 266 13  5   -0.19  1.15
1999 266 13  6    0.80  0.99
1999 266 13  7    0.40  0.99
1999 266 13  8    0.15  1.01
1999 266 13  9    0.23  1.04
1999 266 13 10   -0.55  1.05
1999 266 13 11   -0.49  1.16
1999 266 13 12   -0.90  1.16
1999 266 13 13   -1.27  1.23
1999 266 13 14   -1.64  1.23
1999 266 13 15   -1.52  0.88
1999 266 13 16   -0.66  0.90
1999 266 13 17   -0.58  1.01
1999 266 13 18   -0.81  1.01
1999 266 13 19    0.27  1.01
1999 266 13 20    0.17  0.96
1999 266 13 21    0.95  1.03
1999 266 13 22    0.49  1.07
1999 266 13 23   -0.07  1.05
1999 266 13 24    0.28  0.97
1999 266 13 25   -0.06  0.88
1999 266 13 26   -0.15  1.05
1999 266 13 27    0.85  1.05
1999 266 13 28    0.87  0.99
1999 266 13 29    0.73  1.01
1999 266 13 30    1.38  1.09
1999 266 13 31    2.63  1.06
1999 266 13 32    2.68  1.03
1999 266 13 33    2.49  1.05
1999 266 13 34    2.16  1.06
1999 266 13 35    0.63  1.02
1999 266 13 36   -0.70  1.02
1999 266 13 37    1.03  1.00
1999 266 13 38    5.46  1.00
1999 266 13 39    6.97 99.99
1999 266 13 40    7.05 99.99
1999 266 13 41    6.59  1.37
1999 266 13 42    6.74  1.30
1999 266 13 43    6.25  1.64
1999 266 13 44    5.95  1.51
1999 266 13 45    6.30  1.32
1999 266 13 46    6.27  1.28
1999 266 13 47    4.32  1.27
1999 266 13 48    5.17  1.17
1999 266 13 49    4.97  1.16
1999 266 13 50    5.39 99.99
1999 266 13 51    5.02  0.99
1999 266 13 52    4.66  0.99
1999 266 13 53    4.43  1.20
1999 266 13 54    4.13  1.20
1999 266 13 55    4.17  0.99
1999 266 13 56    3.25  0.99
1999 266 13 57    2.96  1.04
1999 266 13 58    3.17  1.09
1999 266 13 59    2.81  1.12
1999 266 14  0    2.24  1.08
1999 266 14  1    2.32  1.07
1999 266 14  2    2.64  1.07
1999 266 14  3    3.41  1.12
1999 266 14  4    2.92  1.13
1999 266 14  5    4.12  1.13
1999 266 14  6    3.85  1.10
1999 266 14  7    4.26  1.12
1999 266 14  8    2.82  1.37
1999 266 14  9    5.10  1.41
1999 266 14 10    5.77  1.39
1999 266 14 11    5.81  1.09
1999 266 14 12    5.75  1.09
1999 266 14 13    5.44  1.06
1999 266 14 14    4.62  1.06
1999 266 14 15    4.46  1.08
1999 266 14 16    4.99  1.32
1999 266 14 17    4.81  1.05
1999 266 14 18    4.43  1.00
1999 266 14 19    4.73  0.91
1999 266 14 20    4.34  1.10
1999 266 14 21    4.81  1.11
1999 266 14 22    5.01  1.18
1999 266 14 23    4.92  1.18
1999 266 14 24    5.01  1.21
1999 266 14 25    4.55  1.21
1999 266 14 26    3.85 99.99
1999 266 14 27    4.36  1.06
1999 266 14 28    4.00  1.06
1999 266 14 29    4.39  0.86
1999 266 14 30    3.28  0.96
1999 266 14 31    2.51  1.08
1999 266 14 32    2.63  1.03
1999 266 14 33    3.71  1.08
1999 266 14 34    2.55  1.15
1999 266 14 35    2.97  1.17
1999 266 14 36    2.67  1.35
1999 266 14 37    3.74  1.13
1999 266 14 38    3.42  1.05
1999 266 14 39    2.70  1.15
1999 266 14 40    3.10  1.15
1999 266 14 41    2.78  0.98
1999 266 14 42    3.49  0.98
1999 266 14 43    3.29  1.01
1999 266 14 44    3.24  0.96
1999 266 14 45    3.42  0.94
1999 266 14 46    3.83  1.19
1999 266 14 47    4.10  1.14
1999 266 14 48    3.58  1.08
1999 266 14 49    3.96  1.02
1999 266 14 50    4.04  1.01
1999 266 14 51    3.58  0.96
1999 266 14 52    3.93  0.96
1999 266 14 53    4.13  0.87
1999 266 14 54    3.62  0.92
1999 266 14 55    3.86  1.02
1999 266 14 56    3.59  1.03
1999 266 14 57    3.60  1.03
1999 266 14 58    3.62  1.02
1999 266 14 59    3.34  1.01
1999 266 15  0    3.36  0.99
1999 266 15  1    2.82  0.85
1999 266 15  2    2.49  0.85
1999 266 15  3    3.03  0.96
1999 266 15  4    2.59  0.99
1999 266 15  5    3.28  1.02
1999 266 15  6    0.46  1.34
1999 266 15  7   -1.01  1.34
1999 266 15  8    1.12  1.16
1999 266 15  9    2.86  1.05
1999 266 15 10    2.26  1.02
1999 266 15 11    2.18  0.87
1999 266 15 12    1.87  0.86
1999 266 15 13    1.87  0.86
1999 266 15 14    2.83  1.12
1999 266 15 15    2.17  1.07
1999 266 15 16    2.49  0.76
1999 266 15 17    1.99  0.76
1999 266 15 18    1.71  0.76
1999 266 15 19    1.66  0.76
1999 266 15 20    1.41  0.76
1999 266 15 21    1.40  0.77
1999 266 15 22    1.48  0.87
1999 266 15 23    1.58  0.82
1999 266 15 24    2.05  0.75
1999 266 15 25    1.37  0.83
1999 266 15 26    1.70  0.78
1999 266 15 27    1.60  0.75
1999 266 15 28    1.70  0.76
1999 266 15 29    1.32  0.83
1999 266 15 30    2.08  0.84
1999 266 15 31    2.23  0.79
1999 266 15 32    2.16  0.75
1999 266 15 33    2.05  0.75
1999 266 15 34    1.96  0.80
1999 266 15 35    1.90  0.90
1999 266 15 36    1.85  0.94
1999 266 15 37    2.24  0.93
1999 266 15 38    2.45  0.88
1999 266 15 39    2.68  0.89
1999 266 15 40    2.66  0.89
1999 266 15 41    2.24  0.83
1999 266 15 42    2.01  0.83
1999 266 15 43    1.93  0.86
1999 266 15 44    2.21  0.86
1999 266 15 45    2.04  0.86
1999 266 15 46    1.20  0.86
1999 266 15 47    1.57  0.95
1999 266 15 48    1.86  0.94
1999 266 15 49    1.56  0.92
1999 266 15 50    1.63  0.90
1999 266 15 51    1.93  0.94
1999 266 15 52    2.14  1.02
1999 266 15 53    1.98  0.89
1999 266 15 54    2.16  0.94
1999 266 15 55    2.05  1.02
1999 266 15 56    2.41  0.93
1999 266 15 57    2.57  0.93
1999 266 15 58    2.27  0.93
1999 266 15 59    2.25  0.79
1999 266 16  0    2.53  0.79
1999 266 16  1    2.16  0.73
1999 266 16  2    1.66  0.76
1999 266 16  3    2.30  0.86
1999 266 16  4    2.19  0.81
1999 266 16  5    3.01  0.79
1999 266 16  6    3.12  0.77
1999 266 16  7    2.78  0.76
1999 266 16  8    2.80  0.76
1999 266 16  9    2.26  0.76
1999 266 16 10    2.38  0.74
1999 266 16 11    2.25  0.74
1999 266 16 12    3.21  0.71
1999 266 16 13    3.66  0.77
1999 266 16 14    3.47  0.78
1999 266 16 15    2.55  0.73
1999 266 16 16    2.49  0.73
1999 266 16 17    2.30  0.84
1999 266 16 18    1.94  0.84
1999 266 16 19    1.62  0.68
1999 266 16 20    2.74  0.70
1999 266 16 21    3.05  0.71
1999 266 16 22    3.34  0.77
1999 266 16 23    3.71  0.77
1999 266 16 24    3.34 99.99
1999 266 16 25    3.14  0.79
1999 266 16 26    2.89  0.79
1999 266 16 27    3.51  0.77
1999 266 16 28    2.98  0.77
1999 266 16 29    2.75  0.77
1999 266 16 30    1.97  0.77
1999 266 16 31   -0.01  0.78
1999 266 16 32    0.57  0.78
1999 266 16 33    1.23  0.76
1999 266 16 34    1.25  0.77
1999 266 16 35    1.74  0.79
1999 266 16 36    1.99  0.87
1999 266 16 37    2.50  0.83
1999 266 16 38    2.53  0.84
1999 266 16 39    3.07  0.87
1999 266 16 40    3.18  0.74
1999 266 16 41    2.35  0.74
1999 266 16 42    1.66  0.79
1999 266 16 43    2.70  0.81
1999 266 16 44    1.98  0.75
1999 266 16 45    1.27  0.75
1999 266 16 46    2.28  0.79
1999 266 16 47    2.41  0.79
1999 266 16 48    2.92  0.67
1999 266 16 49    2.59  0.70
1999 266 16 50    2.39  0.74
1999 266 16 51    1.38  0.74
1999 266 16 52    1.41  0.71
1999 266 16 53    1.42  0.71
1999 266 16 54    1.47  0.77
1999 266 16 55    0.87  0.77
1999 266 16 56    1.11 99.99
1999 266 16 57    1.64 99.99
1999 266 16 58    1.10  0.69
1999 266 16 59    0.88  0.80
1999 266 17  0    0.72  0.86
1999 266 17  1    0.69  0.84
1999 266 17  2    0.25  0.85
1999 266 17  3    0.97  0.88
1999 266 17  4    0.88  0.84
1999 266 17  5    0.21 99.99
1999 266 17  6   -0.29 99.99
1999 266 17  7    0.30  0.90
1999 266 17  8    0.21  0.90
1999 266 17  9   -0.45  0.94
1999 266 17 10    0.10  0.93
1999 266 17 11    0.09  0.89
1999 266 17 12   -0.71  0.90
1999 266 17 13   -0.80  0.98
1999 266 17 14   -1.30  1.04
1999 266 17 15   -2.35  0.99
1999 266 17 16   -2.96  0.99
1999 266 17 17   -3.22 99.99
1999 266 17 18   -3.96  0.98
1999 266 17 19   -3.46  0.98
1999 266 17 20   -2.73  0.96
1999 266 17 21   -0.49  0.87
1999 266 17 22    2.02  0.85
1999 266 17 23   -0.52  0.83
1999 266 17 24    0.67  0.85
1999 266 17 25    0.21  0.84
1999 266 17 26   -0.28  0.84
1999 266 17 27   -0.14  0.88
1999 266 17 28   -0.18  0.78
1999 266 17 29    0.01  0.86
1999 266 17 30   -0.63  1.01
1999 266 17 31   -1.35  1.01
1999 266 17 32   -1.83  1.09
1999 266 17 33   -2.00  1.09
1999 266 17 34   -1.03  0.98
1999 266 17 35   -0.90  0.92
1999 266 17 36   -0.50  0.96
1999 266 17 37   -1.54  0.96
1999 266 17 38   -1.25  0.95
1999 266 17 39   -0.77  0.95
1999 266 17 40   -0.32  0.97
1999 266 17 41    0.07  1.01
1999 266 17 42    0.52  1.21
1999 266 17 43   -0.59  0.97
1999 266 17 44   -1.05  0.97
1999 266 17 45   -0.44  0.80
1999 266 17 46   -0.62  0.80
1999 266 17 47   -0.26  0.84
1999 266 17 48   -1.05  0.84
1999 266 17 49   -1.56  0.81
1999 266 17 50   -0.75  0.81
1999 266 17 51   -0.62  0.85
1999 266 17 52   -0.27  0.82
1999 266 17 53   -0.17  0.80
1999 266 17 54    0.01  0.71
1999 266 17 55   -0.11  0.72
1999 266 17 56    0.55  0.78
1999 266 17 57    1.10  0.75
1999 266 17 58    0.55  0.75
1999 266 17 59    0.18  0.82
1999 266 18  0    0.02  0.82
1999 266 18  1   -1.15  0.76
1999 266 18  2   -1.96  0.76
1999 266 18  3   -1.47  0.80
1999 266 18  4   -1.95  0.81
1999 266 18  5   -2.53  0.82
1999 266 18  6   -0.51  0.78
1999 266 18  7    0.91  0.78
1999 266 18  8    0.98  0.79
1999 266 18  9   -0.35  0.82
1999 266 18 10   -0.36  0.79
1999 266 18 11   -0.19  0.78
1999 266 18 12   -1.34  0.78
1999 266 18 13   -1.37  0.72
1999 266 18 14   -1.68  0.72
1999 266 18 15   -2.19  0.84
1999 266 18 16   -1.67  0.83
1999 266 18 17   -1.22  0.78
1999 266 18 18   -0.90  0.82
1999 266 18 19   -0.95  0.82
1999 266 18 20   -0.77  0.81
1999 266 18 21    0.42  0.81
1999 266 18 22   -1.58 99.99
1999 266 18 23   -1.84  0.86
1999 266 18 24   -1.01  0.86
1999 266 18 25   -2.41  0.84
1999 266 18 26   -2.15  0.84
1999 266 18 27   -1.38  0.84
1999 266 18 28   -0.88  0.84
1999 266 18 29    0.62  0.82
1999 266 18 30    0.92  0.91
1999 266 18 31   -0.78  0.94
1999 266 18 32   -1.59 99.99
1999 266 18 33    1.57  0.96
1999 266 18 34   -1.62  0.96
1999 266 18 35    4.39  0.89
1999 266 18 36    4.81  1.06
1999 266 18 37    3.48  1.48
1999 266 18 38    1.70  1.26
1999 266 18 39   -2.86  1.83
1999 266 18 40   -2.10  1.90
1999 266 18 41    0.19  0.93
1999 266 18 42   -1.05  0.93
1999 266 18 43    0.93  0.86
1999 266 18 44    0.12  0.86
1999 266 18 45   -0.29  0.80
1999 266 18 46   -0.77  0.85
1999 266 18 47   -1.05  0.94
1999 266 18 48   -0.21  1.00
1999 266 18 49   -1.04  0.86
1999 266 18 50    0.62  0.91
1999 266 18 51    1.54  1.08
1999 266 18 52    1.84  1.08
1999 266 18 53    2.50  1.08
1999 266 18 54    4.10  1.03
1999 266 18 55    3.54  1.00
1999 266 18 56    3.27  0.81
1999 266 18 57    3.24  0.80
1999 266 18 58    2.08  0.90
1999 266 18 59    2.38  0.90
1999 266 19  0    1.83  1.06
1999 266 19  1    0.40  1.01
1999 266 19  2    0.70  0.78
1999 266 19  3    0.64  0.87
1999 266 19  4    1.11  0.87
1999 266 19  5    2.09  0.87
1999 266 19  6    2.65  0.81
1999 266 19  7    2.08  0.79
1999 266 19  8    2.30 99.99
1999 266 19  9    1.84  0.81
1999 266 19 10    1.32  0.84
1999 266 19 11    1.89  0.96
1999 266 19 12    3.17  0.80
1999 266 19 13    3.05  0.79
1999 266 19 14    2.94  0.73
1999 266 19 15    2.76  0.73
1999 266 19 16    2.73  0.85
1999 266 19 17    2.51  0.85
1999 266 19 18    3.07  0.87
1999 266 19 19    2.57  0.88
1999 266 19 20    2.30  0.91
1999 266 19 21    2.34  0.91
1999 266 19 22    1.62  0.90
1999 266 19 23    1.99  0.80
1999 266 19 24    2.95  0.77
1999 266 19 25    5.15  1.22
1999 266 19 26    5.18  1.22
1999 266 19 27    4.87  1.24
1999 266 19 28    5.59  1.24
1999 266 19 29    5.79 99.99
1999 266 19 30    5.67  1.16
1999 266 19 31    5.74  1.11
1999 266 19 32    5.90  0.97
1999 266 19 33    5.98  0.97
1999 266 19 34    5.05  1.38
1999 266 19 35    5.75  1.37
1999 266 19 36    5.79  1.23
1999 266 19 37    5.36  1.23
1999 266 19 38    4.69  1.17
1999 266 19 39    4.67  1.16
1999 266 19 40    5.18  1.13
1999 266 19 41    4.98  1.17
1999 266 19 42    5.11  1.34
1999 266 19 43    4.90  1.36
1999 266 19 44    5.16  1.36
1999 266 19 45    4.74  1.19
1999 266 19 46    4.79  1.21
1999 266 19 47    4.53  1.22
1999 266 19 48    4.65  1.36
1999 266 19 49    4.95  1.33
1999 266 19 50    5.15  1.26
1999 266 19 51    3.63  1.27
1999 266 19 52    4.10  1.26
1999 266 19 53    3.61  1.15
1999 266 19 54    3.45  1.19
1999 266 19 55    3.97  1.19
1999 266 19 56    4.34 99.99
1999 266 19 57    4.18  1.38
1999 266 19 58    2.74  1.38
1999 266 19 59    4.21  1.33
1999 266 20  0    4.15  1.31
1999 266 20  1    3.88  1.23
1999 266 20  2    4.42  1.23
1999 266 20  3    5.39  1.42
1999 266 20  4    5.45  1.42
1999 266 20  5    5.37  1.42
1999 266 20  6    4.45  1.43
1999 266 20  7    4.56  1.43
1999 266 20  8    4.05 99.99
1999 266 20  9    4.35 99.99
1999 266 20 10    4.34  1.31
1999 266 20 11    3.98  1.30
1999 266 20 12    4.06  1.07
1999 266 20 13    3.74  1.05
1999 266 20 14    3.69  1.05
1999 266 20 15    4.59  1.03
1999 266 20 16    4.26  1.06
1999 266 20 17    4.29  1.16
1999 266 20 18    4.32  1.05
1999 266 20 19    3.56  1.06
1999 266 20 20    3.76  1.16
1999 266 20 21    3.38  1.20
1999 266 20 22    3.52  1.21
1999 266 20 23    3.92  1.24
1999 266 20 24    2.96  1.24
1999 266 20 25    4.44  1.22
1999 266 20 26    3.84  1.24
1999 266 20 27    3.15  1.24
1999 266 20 28    3.52  1.08
1999 266 20 29    4.06  1.08
1999 266 20 30    5.06  1.08
1999 266 20 31    5.82  1.25
1999 266 20 32    4.74  1.21
1999 266 20 33    4.43  1.22
1999 266 20 34    4.64  1.30
1999 266 20 35    4.36 99.99
1999 266 20 36    4.49  1.11
1999 266 20 37    4.58  1.11
1999 266 20 38    4.48  1.30
1999 266 20 39    4.28  1.39
1999 266 20 40    4.08  1.35
1999 266 20 41    4.47  1.32
1999 266 20 42    3.65  1.41
1999 266 20 43    5.53  1.41
1999 266 20 44    5.56  1.35
1999 266 20 45    5.22  1.34
1999 266 20 46    5.10  1.26
1999 266 20 47    4.98  1.27
1999 266 20 48    4.85  1.28
1999 266 20 49    4.70  1.22
1999 266 20 50    4.77  1.22
1999 266 20 51    4.34  1.22
1999 266 20 52    4.37  1.34
1999 266 20 53    4.32  1.35
1999 266 20 54    3.79  1.32
1999 266 20 55    3.38  1.37
1999 266 20 56    3.89  1.39
1999 266 20 57    3.97  1.58
1999 266 20 58    3.03  1.57
1999 266 20 59    2.30  1.27
1999 266 21  0    2.04  1.42
1999 266 21  1    1.80  1.51
1999 266 21  2    2.43  1.31
1999 266 21  3    2.31  1.31
1999 266 21  4    2.20  1.30
1999 266 21  5    2.85  1.58
1999 266 21  6    3.37  1.59
1999 266 21  7    3.67  1.32
1999 266 21  8    3.77  1.32
1999 266 21  9    3.71  1.31
1999 266 21 10    3.96  1.41
1999 266 21 11    3.73  1.46
1999 266 21 12    3.80  1.11
1999 266 21 13    2.85  1.16
1999 266 21 14    2.66  1.33
1999 266 21 15    0.81  1.49
1999 266 21 16    0.30  1.50
1999 266 21 17    0.88  1.29
1999 266 21 18    1.53  1.29
1999 266 21 19    2.65  1.11
1999 266 21 20    3.04  1.25
1999 266 21 21    2.36  1.34
1999 266 21 22    2.62  1.40
1999 266 21 23    2.32  1.31
1999 266 21 24    1.27  1.30
1999 266 21 25    0.92  1.26
1999 266 21 26    1.21  1.26
1999 266 21 27    2.00  0.93
1999 266 21 28    4.10  0.80
1999 266 21 29    4.50  0.88
1999 266 21 30    5.24  0.91
1999 266 21 31    5.04  0.94
1999 266 21 32    4.78  0.94
1999 266 21 33    4.88 99.99
1999 266 21 34    2.98  1.07
1999 266 21 35    1.88  1.07
1999 266 21 36    1.08 99.99
1999 266 21 37    1.90 99.99
1999 266 21 38    1.77 99.99
1999 266 21 39    2.03  0.75
1999 266 21 40    2.98  0.75
1999 266 21 41    0.89  0.76
1999 266 21 42    1.69  0.84
1999 266 21 43    3.86  0.92
1999 266 21 44    3.63  0.98
1999 266 21 45    3.05  0.93
1999 266 21 46    3.63  0.95
1999 266 21 47    2.68  1.28
1999 266 21 48    3.11  0.90
1999 266 21 49    3.18  0.84
1999 266 21 50    2.32  1.13
1999 266 21 51    2.26  1.13
1999 266 21 52    1.83  1.21
1999 266 21 53   -1.58  1.18
1999 266 21 54   -0.11  1.13
1999 266 21 55   -1.46  1.13
1999 266 21 56   -1.99  1.25
1999 266 21 57   -1.66  1.25
1999 266 21 58   -1.66  1.24
1999 266 21 59   -2.21  1.14
1999 266 22  0   -2.85  1.09
1999 266 22  1   -4.49  1.05
1999 266 22  2   -4.66  1.01
1999 266 22  3   -4.05  1.09
1999 266 22  4   -5.62  1.24
1999 266 22  5   -3.79  1.31
1999 266 22  6   -2.63  1.14
1999 266 22  7   -1.33  1.14
1999 266 22  8   -1.48  1.16
1999 266 22  9   -1.75  1.16
1999 266 22 10   -2.95  1.09
1999 266 22 11   -3.65  1.14
1999 266 22 12   -3.97  1.28
1999 266 22 13   -4.95  1.19
1999 266 22 14   -5.12  1.18
1999 266 22 15   -5.52  1.48
1999 266 22 16   -4.54  1.42
1999 266 22 17   -2.08  1.17
1999 266 22 18   -1.55  1.01
1999 266 22 19   -0.04  1.04
1999 266 22 20   -0.26  1.21
1999 266 22 21    2.32  1.05
1999 266 22 22    1.90  1.03
1999 266 22 23    2.32  0.93
1999 266 22 24    2.20  0.93
1999 266 22 25    3.79 99.99
1999 266 22 26    4.00  1.05
1999 266 22 27    4.37  1.05
1999 266 22 28    4.08  1.08
1999 266 22 29    4.09  1.07
1999 266 22 30    1.74  0.85
1999 266 22 31    3.11  0.85
1999 266 22 32    4.23  1.01
1999 266 22 33    4.29  1.01
1999 266 22 34    4.32  1.00
1999 266 22 35    4.15  0.95
1999 266 22 36    3.08  0.96
1999 266 22 37    2.75  0.96
1999 266 22 38    2.62  1.01
1999 266 22 39    3.22  1.01
1999 266 22 40    4.28  0.96
1999 266 22 41    4.13  0.97
1999 266 22 42    3.57  1.02
1999 266 22 43    4.49  1.02
1999 266 22 44    4.13  1.02
1999 266 22 45    4.48  1.02
1999 266 22 46    3.67  1.01
1999 266 22 47    3.69  1.01
1999 266 22 48    4.35  0.98
1999 266 22 49    3.87  0.95
1999 266 22 50    2.39  0.93
1999 266 22 51    3.24  0.83
1999 266 22 52    3.21  0.83
1999 266 22 53    3.37  0.85
1999 266 22 54    3.47  0.94
1999 266 22 55    3.67  1.02
1999 266 22 56    3.62  0.86
1999 266 22 57    3.36  0.85
1999 266 22 58    3.22  0.82
1999 266 22 59    3.20  0.85
1999 266 23  0    2.91  0.99
1999 266 23  1    3.58  0.83
1999 266 23  2    5.10  0.83
1999 266 23  3    4.93  0.97
1999 266 23  4    5.05  0.98
1999 266 23  5    4.95  0.98
1999 266 23  6    3.52  0.98
1999 266 23  7    2.72  0.98
1999 266 23  8    2.71  0.95
1999 266 23  9    2.06  0.91
1999 266 23 10    1.85  0.90
1999 266 23 11    2.47  0.88
1999 266 23 12    2.73  0.82
1999 266 23 13    3.54 99.99
1999 266 23 14    3.45  0.90
1999 266 23 15    3.19  0.90
1999 266 23 16    3.61  0.90
1999 266 23 17    3.56  0.91
1999 266 23 18    3.11  0.91
1999 266 23 19    1.95  0.74
1999 266 23 20    0.33  0.74
1999 266 23 21    1.27  0.91
1999 266 23 22    1.83  0.88
1999 266 23 23    1.41  0.82
1999 266 23 24    1.51  1.08
1999 266 23 25    2.42  1.00
1999 266 23 26    2.63  0.95
1999 266 23 27    2.47  0.97
1999 266 23 28    2.70  0.79
1999 266 23 29    2.53  0.79
1999 266 23 30    2.15  0.78
1999 266 23 31    1.23  0.78
1999 266 23 32    1.96  0.91
1999 266 23 33    2.38  0.90
1999 266 23 34    2.18  0.88
1999 266 23 35    1.14 99.99
1999 266 23 36    1.38  1.01
1999 266 23 37    2.36  0.92
1999 266 23 38    2.39  1.05
1999 266 23 39    1.53  1.06
1999 266 23 40    1.47 99.99
1999 266 23 41    1.31  1.11
1999 266 23 42    0.91  1.11
1999 266 23 43    1.92  1.09
1999 266 23 44    1.84  1.09
1999 266 23 45    1.62  1.15
1999 266 23 46    1.44  1.14
1999 266 23 47    1.35  1.02
1999 266 23 48    2.07  1.16
1999 266 23 49    2.18  1.07
1999 266 23 50    1.90  1.02
1999 266 23 51    1.45 99.99
1999 266 23 52    2.58  0.84
1999 266 23 53    3.23  0.76
1999 266 23 54    3.16  0.64
1999 266 23 55    3.15  0.80
1999 266 23 56    3.83  0.89
1999 266 23 57    3.63  0.92
1999 266 23 58    3.38  0.74
1999 266 23 59    3.62  0.79
