2001  90  0  0   -3.75  8.48
2001  90  0  1   -3.67  8.86
2001  90  0  2   -3.81  8.86
2001  90  0  3   -3.77  8.04
2001  90  0  4   -3.51  8.51
2001  90  0  5   -4.47  8.43
2001  90  0  6   -4.70  8.23
2001  90  0  7   -5.34  8.60
2001  90  0  8   -4.86  8.60
2001  90  0  9   -5.12  8.40
2001  90  0 10   -5.46  8.40
2001  90  0 11   -5.38 99.99
2001  90  0 12   -4.99  9.37
2001  90  0 13   -4.85  9.37
2001  90  0 14   -5.21  8.97
2001  90  0 15   -5.28  8.71
2001  90  0 16   -5.53  8.67
2001  90  0 17   -5.56 99.99
2001  90  0 18   -5.84 99.99
2001  90  0 19   -5.84  9.13
2001  90  0 20   -5.66  9.13
2001  90  0 21   -5.96  8.79
2001  90  0 22   -5.81  8.79
2001  90  0 23   -5.72  8.99
2001  90  0 24   -5.81  8.99
2001  90  0 25   -6.10  9.09
2001  90  0 26   -6.41  8.84
2001  90  0 27   -6.25  8.42
2001  90  0 28   -4.13  9.03
2001  90  0 29   -3.72  9.76
2001  90  0 30   -4.07  9.77
2001  90  0 31   -3.73  9.68
2001  90  0 32   -2.42  9.60
2001  90  0 33   -3.73  9.75
2001  90  0 34   -3.02  9.38
2001  90  0 35   -3.22  9.58
2001  90  0 36   -3.11  9.42
2001  90  0 37   -3.06 10.17
2001  90  0 38   -2.99  9.83
2001  90  0 39   -3.68 10.01
2001  90  0 40   -4.07  9.72
2001  90  0 41   -4.04  9.83
2001  90  0 42   -3.45 10.04
2001  90  0 43   -3.79  9.69
2001  90  0 44   -3.40  9.59
2001  90  0 45   -4.00 10.19
2001  90  0 46   -4.32  9.71
2001  90  0 47   -4.78  9.18
2001  90  0 48   -4.32 10.17
2001  90  0 49   -3.45  8.96
2001  90  0 50   -3.38  9.31
2001  90  0 51   -2.16  9.44
2001  90  0 52   -3.03 10.64
2001  90  0 53   -4.05  9.33
2001  90  0 54   -3.78  9.32
2001  90  0 55   -3.63 99.99
2001  90  0 56 9999.99 99.99
2001  90  0 57   -3.27 10.78
2001  90  0 58   -4.22 10.78
2001  90  0 59   -4.48 99.99
2001  90  1  0   47.29 43.85
2001  90  1  1   43.67 43.06
2001  90  1  2   12.74 33.45
2001  90  1  3   -4.25 28.93
2001  90  1  4   -2.95 15.79
2001  90  1  5   16.68 21.85
2001  90  1  6    4.10 12.14
2001  90  1  7    4.37  9.67
2001  90  1  8    5.04 10.33
2001  90  1  9   12.81 25.97
2001  90  1 10    4.86 18.03
2001  90  1 11   -2.31 21.53
2001  90  1 12    5.82 10.01
2001  90  1 13   46.33  9.17
2001  90  1 14   38.70  9.45
2001  90  1 15   45.23  8.65
2001  90  1 16   46.19  7.59
2001  90  1 17   45.75  7.08
2001  90  1 18   44.86  7.62
2001  90  1 19   44.25  7.62
2001  90  1 20   42.45  8.99
2001  90  1 21   40.32  9.24
2001  90  1 22   39.61  9.25
2001  90  1 23   38.49  9.31
2001  90  1 24   40.70 13.26
2001  90  1 25   39.85 11.42
2001  90  1 26   37.51 12.85
2001  90  1 27   32.05 12.50
2001  90  1 28   28.34 13.41
2001  90  1 29   34.89 12.51
2001  90  1 30   34.66 12.27
2001  90  1 31   35.63 14.30
2001  90  1 32   22.32 13.47
2001  90  1 33   34.79 13.10
2001  90  1 34   35.56 13.77
2001  90  1 35   36.88 13.77
2001  90  1 36   33.06 99.99
2001  90  1 37   31.37 11.36
2001  90  1 38   25.73  9.44
2001  90  1 39   24.64  9.93
2001  90  1 40   18.20 10.95
2001  90  1 41    8.50 12.55
2001  90  1 42   13.57  8.80
2001  90  1 43   15.06  9.69
2001  90  1 44   21.42  9.75
2001  90  1 45   21.79  9.33
2001  90  1 46   21.05  9.30
2001  90  1 47   23.80  7.96
2001  90  1 48   21.87  6.16
2001  90  1 49   16.16  6.16
2001  90  1 50   15.70 99.99
2001  90  1 51 9999.99 99.99
2001  90  1 52   18.99  9.56
2001  90  1 53   10.97  7.76
2001  90  1 54    9.76  7.36
2001  90  1 55   11.29  7.10
2001  90  1 56   10.84  5.72
2001  90  1 57   13.60  6.58
2001  90  1 58   15.55  5.07
2001  90  1 59   16.75  5.48
2001  90  2  0   17.37 99.99
2001  90  2  1   16.48  6.46
2001  90  2  2   13.71  6.46
2001  90  2  3   12.94 99.99
2001  90  2  4   14.68 99.99
2001  90  2  5   13.95  4.28
2001  90  2  6   13.89  4.87
2001  90  2  7   14.22  4.73
2001  90  2  8   14.98  4.19
2001  90  2  9   13.01  4.55
2001  90  2 10   13.48  4.83
2001  90  2 11   13.32  4.55
2001  90  2 12   11.34  4.27
2001  90  2 13    8.37  4.27
2001  90  2 14    7.86  4.66
2001  90  2 15    5.79  4.66
2001  90  2 16    7.62 99.99
2001  90  2 17    7.83 99.99
2001  90  2 18    8.32  4.83
2001  90  2 19    4.71  5.11
2001  90  2 20    3.01  5.66
2001  90  2 21    4.66  6.74
2001  90  2 22   13.23  8.21
2001  90  2 23   23.83 99.99
2001  90  2 24   23.21 99.99
2001  90  2 25   13.99 99.99
2001  90  2 26   13.80 99.99
2001  90  2 27   14.29 99.99
2001  90  2 28   18.72 99.99
2001  90  2 29   15.56 99.99
2001  90  2 30    4.71 99.99
2001  90  2 31    1.81 99.99
2001  90  2 32    3.31 99.99
2001  90  2 33    2.05  3.85
2001  90  2 34  -18.20  4.91
2001  90  2 35  -19.67  6.15
2001  90  2 36  -18.90  5.60
2001  90  2 37  -18.87  5.14
2001  90  2 38  -23.46  4.92
2001  90  2 39  -21.95  8.29
2001  90  2 40  -22.12  8.29
2001  90  2 41  -26.16  7.69
2001  90  2 42  -25.38  7.47
2001  90  2 43  -25.00  7.00
2001  90  2 44  -23.68  7.63
2001  90  2 45  -22.55  6.91
2001  90  2 46  -25.36  6.78
2001  90  2 47  -20.98  6.39
2001  90  2 48  -20.09  6.63
2001  90  2 49  -21.14  6.14
2001  90  2 50  -17.67  6.14
2001  90  2 51  -13.17  9.14
2001  90  2 52   -8.09  7.32
2001  90  2 53   15.62 19.77
2001  90  2 54   -2.27 37.10
2001  90  2 55   -6.71 38.19
2001  90  2 56   -6.83 32.08
2001  90  2 57   -9.39 25.25
2001  90  2 58   -1.88 25.91
2001  90  2 59   -0.36 39.42
2001  90  3  0   -2.78 48.50
2001  90  3  1    0.33 48.05
2001  90  3  2   10.82 41.21
2001  90  3  3   23.21 24.72
2001  90  3  4   34.16 21.84
2001  90  3  5   30.38 16.40
2001  90  3  6   34.00 99.99
2001  90  3  7   31.88 27.37
2001  90  3  8   40.83 27.37
2001  90  3  9   39.54 21.80
2001  90  3 10    3.11 20.41
2001  90  3 11  -10.18 18.28
2001  90  3 12  -10.20 99.99
2001  90  3 13   -8.67 99.99
2001  90  3 14   -7.80 15.60
2001  90  3 15  -10.81 10.78
2001  90  3 16  -11.30 99.99
2001  90  3 17  -12.44 99.99
2001  90  3 18  -10.17 99.99
2001  90  3 19  -25.30 99.99
2001  90  3 20  -27.42 22.55
2001  90  3 21  -26.05 27.20
2001  90  3 22  -21.41 21.65
2001  90  3 23  -23.24 32.71
2001  90  3 24  -29.21 26.08
2001  90  3 25  -30.73 22.30
2001  90  3 26  -33.64 25.13
2001  90  3 27  -32.17 28.78
2001  90  3 28  -33.87 26.54
2001  90  3 29  -38.25 22.92
2001  90  3 30  -38.09 25.10
2001  90  3 31  -40.87 24.61
2001  90  3 32  -36.59 22.93
2001  90  3 33  -31.94 22.87
2001  90  3 34  -29.57 22.33
2001  90  3 35  -29.88 22.86
2001  90  3 36  -24.99 21.46
2001  90  3 37  -22.55 21.48
2001  90  3 38  -16.12 21.49
2001  90  3 39 9999.99 99.99
2001  90  3 40   22.08 15.39
2001  90  3 41   22.23 15.44
2001  90  3 42   23.15 14.79
2001  90  3 43   12.05 14.60
2001  90  3 44   14.06 17.26
2001  90  3 45    4.91 18.60
2001  90  3 46    9.54 20.49
2001  90  3 47   11.00 20.32
2001  90  3 48   12.31 24.67
2001  90  3 49   14.93 22.10
2001  90  3 50   20.19 19.23
2001  90  3 51   22.95 18.61
2001  90  3 52   24.70 17.85
2001  90  3 53   30.03 18.65
2001  90  3 54   32.02 18.99
2001  90  3 55   33.03 20.00
2001  90  3 56   34.86 21.37
2001  90  3 57   23.17 26.26
2001  90  3 58   21.11 27.46
2001  90  3 59   29.27 29.04
2001  90  4  0   18.57 28.19
2001  90  4  1   18.95 30.14
2001  90  4  2   25.11 33.97
2001  90  4  3   22.85 28.79
2001  90  4  4   21.73 39.64
2001  90  4  5   26.73 39.73
2001  90  4  6   30.65 32.12
2001  90  4  7   22.95 32.31
2001  90  4  8   14.75 42.31
2001  90  4  9  -10.17 45.56
2001  90  4 10  -14.30 44.18
2001  90  4 11   -5.07 43.48
2001  90  4 12   -1.05 38.72
2001  90  4 13    8.04 38.58
2001  90  4 14   12.61 49.26
2001  90  4 15    6.85 49.26
2001  90  4 16   12.48 50.72
2001  90  4 17    7.85 48.01
2001  90  4 18   -2.51 50.30
2001  90  4 19  -20.29 42.61
2001  90  4 20  -26.93 42.61
2001  90  4 21  -22.91 35.93
2001  90  4 22  -15.80 39.02
2001  90  4 23  -32.48 34.38
2001  90  4 24  -39.05 30.34
2001  90  4 25  -42.01 23.60
2001  90  4 26  -42.96 21.55
2001  90  4 27  -43.34 19.12
2001  90  4 28  -43.47 18.75
2001  90  4 29  -43.98 17.71
2001  90  4 30  -43.74 17.84
2001  90  4 31  -42.57 17.34
2001  90  4 32  -42.08 18.47
2001  90  4 33  -39.87 22.21
2001  90  4 34  -40.26 30.00
2001  90  4 35  -40.95 30.26
2001  90  4 36  -41.22 30.28
2001  90  4 37  -41.45 29.11
2001  90  4 38  -41.65 30.83
2001  90  4 39  -38.77 36.00
2001  90  4 40  -33.14 45.11
2001  90  4 41  -28.32 53.82
2001  90  4 42  -29.99 54.29
2001  90  4 43  -31.84 53.13
2001  90  4 44  -30.71 57.50
2001  90  4 45  -28.56 57.50
2001  90  4 46  -18.96 99.99
2001  90  4 47  -11.37 52.43
2001  90  4 48   -6.42 54.13
2001  90  4 49   13.01 51.93
2001  90  4 50    2.50 51.84
2001  90  4 51  -14.73 51.39
2001  90  4 52  -37.40 99.99
2001  90  4 53  -39.87 37.13
2001  90  4 54  -39.76 38.50
2001  90  4 55  -38.74 42.05
2001  90  4 56  -38.49 42.78
2001  90  4 57  -37.59 99.99
2001  90  4 58  -37.56 38.09
2001  90  4 59  -36.46 37.88
2001  90  5  0  -35.60 37.73
2001  90  5  1  -35.66 37.73
2001  90  5  2  -34.40 40.50
2001  90  5  3  -35.53 41.39
2001  90  5  4  -34.83 40.21
2001  90  5  5  -36.60 37.68
2001  90  5  6  -36.87 39.53
2001  90  5  7  -35.47 40.43
2001  90  5  8  -34.46 40.00
2001  90  5  9  -35.96 99.99
2001  90  5 10  -34.39 36.69
2001  90  5 11  -34.19 37.82
2001  90  5 12  -32.88 37.90
2001  90  5 13  -31.14 40.19
2001  90  5 14  -30.06 40.32
2001  90  5 15  -31.80 45.99
2001  90  5 16  -21.25 40.15
2001  90  5 17  -16.75 35.31
2001  90  5 18  -14.14 40.76
2001  90  5 19  -24.88 38.47
2001  90  5 20  -29.85 35.30
2001  90  5 21  -27.84 40.20
2001  90  5 22  -24.07 99.99
2001  90  5 23  -26.90 34.03
2001  90  5 24  -28.35 32.40
2001  90  5 25  -20.53 29.53
2001  90  5 26  -15.58 28.22
2001  90  5 27  -12.60 28.04
2001  90  5 28    0.37 38.30
2001  90  5 29   12.30 39.62
2001  90  5 30   14.35 36.85
2001  90  5 31   10.80 36.85
2001  90  5 32  -12.80 99.99
2001  90  5 33  -27.08 22.79
2001  90  5 34  -28.94 27.21
2001  90  5 35  -21.56 24.93
2001  90  5 36  -16.45 99.99
2001  90  5 37  -39.62 14.82
2001  90  5 38  -40.59 14.82
2001  90  5 39  -40.10 16.55
2001  90  5 40  -41.35 17.25
2001  90  5 41  -40.78 18.20
2001  90  5 42  -39.84 18.42
2001  90  5 43  -38.69 18.10
2001  90  5 44  -37.33 20.17
2001  90  5 45 9999.99 20.33
2001  90  5 46 9999.99 99.99
2001  90  5 47 9999.99 99.99
2001  90  5 48  -17.36 21.48
2001  90  5 49  -35.86 21.90
2001  90  5 50  -35.36 23.07
2001  90  5 51  -40.71 23.10
2001  90  5 52  -40.38 20.58
2001  90  5 53  -40.90 19.59
2001  90  5 54 9999.99 99.99
2001  90  5 55  -41.35 19.14
2001  90  5 56  -40.83 24.36
2001  90  5 57  -27.86 24.42
2001  90  5 58  -29.60 20.18
2001  90  5 59  -32.99 22.91
2001  90  6  0  -33.24 22.91
2001  90  6  1  -36.28 24.93
2001  90  6  2  -38.53 22.98
2001  90  6  3  -31.53 22.80
2001  90  6  4  -39.80 17.93
2001  90  6  5  -46.39 13.35
2001  90  6  6  -48.05  5.57
2001  90  6  7  -47.35  5.91
2001  90  6  8  -47.10  7.89
2001  90  6  9  -47.93  7.95
2001  90  6 10  -48.09  5.74
2001  90  6 11  -47.62  6.12
2001  90  6 12  -47.43  9.33
2001  90  6 13  -47.61  9.33
2001  90  6 14  -48.16  6.46
2001  90  6 15  -48.23  7.19
2001  90  6 16  -47.94  7.27
2001  90  6 17  -48.07  7.05
2001  90  6 18  -48.17  7.22
2001  90  6 19  -48.27  8.28
2001  90  6 20  -48.14  8.11
2001  90  6 21  -47.92  7.32
2001  90  6 22  -48.21  8.68
2001  90  6 23  -48.54  6.76
2001  90  6 24  -48.79  6.18
2001  90  6 25  -48.40  7.40
2001  90  6 26  -48.38  6.95
2001  90  6 27  -48.00  7.18
2001  90  6 28  -46.82  7.84
2001  90  6 29  -47.49  9.06
2001  90  6 30  -47.89  9.32
2001  90  6 31  -47.32  8.07
2001  90  6 32  -47.26  8.05
2001  90  6 33  -47.97  7.88
2001  90  6 34  -47.26  9.37
2001  90  6 35  -47.18 11.32
2001  90  6 36  -47.52 10.34
2001  90  6 37  -47.36  8.12
2001  90  6 38  -47.49  9.32
2001  90  6 39  -47.43  9.29
2001  90  6 40  -46.71  9.94
2001  90  6 41  -46.93 10.30
2001  90  6 42  -46.91 10.21
2001  90  6 43  -46.62 10.08
2001  90  6 44  -46.67 10.04
2001  90  6 45  -46.69 10.46
2001  90  6 46  -46.41 10.51
2001  90  6 47  -45.90 12.12
2001  90  6 48  -45.56 13.05
2001  90  6 49  -45.64 11.84
2001  90  6 50  -45.19 13.82
2001  90  6 51  -44.54 13.76
2001  90  6 52  -44.20 16.22
2001  90  6 53  -43.41 17.58
2001  90  6 54  -43.19 18.08
2001  90  6 55  -43.09 15.94
2001  90  6 56  -43.15 16.89
2001  90  6 57  -43.12 16.99
2001  90  6 58  -43.79 16.16
2001  90  6 59  -43.53 13.33
2001  90  7  0  -43.46 13.95
2001  90  7  1  -43.38 14.99
2001  90  7  2  -42.85 17.32
2001  90  7  3  -42.05 17.32
2001  90  7  4  -42.37 15.46
2001  90  7  5  -42.42 15.46
2001  90  7  6  -42.44 15.00
2001  90  7  7  -43.05 15.91
2001  90  7  8  -43.04 15.52
2001  90  7  9  -42.67 16.12
2001  90  7 10  -42.19 14.98
2001  90  7 11  -43.80 14.53
2001  90  7 12  -44.28  6.55
2001  90  7 13  -43.86  6.55
2001  90  7 14  -43.95  8.11
2001  90  7 15  -43.95  7.96
2001  90  7 16  -43.44  6.94
2001  90  7 17  -43.63  6.98
2001  90  7 18  -43.58  7.84
2001  90  7 19  -42.66  7.76
2001  90  7 20  -42.46  7.74
2001  90  7 21  -41.59  7.91
2001  90  7 22  -42.04 99.99
2001  90  7 23  -42.16  9.58
2001  90  7 24  -41.95  9.58
2001  90  7 25  -41.68  8.83
2001  90  7 26  -41.36  8.83
2001  90  7 27  -40.96  9.80
2001  90  7 28  -41.22 10.22
2001  90  7 29  -40.58  9.30
2001  90  7 30  -40.80  9.30
2001  90  7 31  -40.84  9.81
2001  90  7 32  -41.19  9.63
2001  90  7 33  -41.24  9.12
2001  90  7 34  -41.40  9.97
2001  90  7 35  -40.75  9.30
2001  90  7 36  -39.97 10.36
2001  90  7 37  -39.72 10.23
2001  90  7 38  -40.31  9.93
2001  90  7 39  -40.09  9.74
2001  90  7 40  -39.58  9.85
2001  90  7 41  -39.92  9.85
2001  90  7 42  -40.74 10.69
2001  90  7 43  -40.79 11.32
2001  90  7 44  -40.11 10.79
2001  90  7 45  -39.75 10.48
2001  90  7 46  -40.14 10.88
2001  90  7 47  -40.33  9.94
2001  90  7 48  -39.73  8.45
2001  90  7 49  -39.80 10.01
2001  90  7 50  -39.23 11.82
2001  90  7 51  -36.96 10.62
2001  90  7 52  -30.89 14.18
2001  90  7 53  -34.19 16.26
2001  90  7 54  -37.00 13.64
2001  90  7 55  -36.57 15.78
2001  90  7 56  -31.73 20.35
2001  90  7 57  -29.08 20.58
2001  90  7 58  -28.52 20.60
2001  90  7 59  -28.88 18.78
2001  90  8  0  -27.00 19.29
2001  90  8  1  -20.47 21.08
2001  90  8  2  -13.86 20.66
2001  90  8  3   -9.82 22.18
2001  90  8  4   -6.27 20.79
2001  90  8  5   -9.33 20.71
2001  90  8  6  -13.41 19.79
2001  90  8  7  -12.58 15.36
2001  90  8  8 9999.99 15.49
2001  90  8  9 9999.99 99.99
2001  90  8 10  -13.44 99.99
2001  90  8 11  -13.09 17.07
2001  90  8 12   -8.10 17.07
2001  90  8 13   -7.27 99.99
2001  90  8 14   -5.40 16.56
2001  90  8 15   -6.48 16.79
2001  90  8 16   -5.22 15.95
2001  90  8 17   -4.45 15.95
2001  90  8 18   -0.01 14.06
2001  90  8 19    0.28 14.06
2001  90  8 20    6.03 99.99
2001  90  8 21   18.21 14.13
2001  90  8 22   17.55 14.13
2001  90  8 23   22.76 13.00
2001  90  8 24   22.49 13.96
2001  90  8 25   19.12 14.17
2001  90  8 26   20.52 14.17
2001  90  8 27   20.01 14.51
2001  90  8 28   20.63 14.80
2001  90  8 29   25.89 13.75
2001  90  8 30   28.30 14.15
2001  90  8 31   29.09 14.42
2001  90  8 32   27.12 14.05
2001  90  8 33   26.15 12.50
2001  90  8 34   25.87 12.55
2001  90  8 35   25.11 13.53
2001  90  8 36   25.06 13.35
2001  90  8 37   25.26 13.81
2001  90  8 38   24.44 12.38
2001  90  8 39   23.91 12.73
2001  90  8 40   23.64 12.71
2001  90  8 41   23.59 12.22
2001  90  8 42   23.62 11.85
2001  90  8 43   23.13 13.49
2001  90  8 44   23.84 12.29
2001  90  8 45   24.98 12.61
2001  90  8 46   24.53 13.48
2001  90  8 47   25.70 14.07
2001  90  8 48   27.25 12.70
2001  90  8 49   27.71 11.09
2001  90  8 50   26.08 11.65
2001  90  8 51   24.72 11.70
2001  90  8 52   22.29 10.63
2001  90  8 53   22.00 10.82
2001  90  8 54   22.00 12.04
2001  90  8 55   18.47 10.94
2001  90  8 56   17.19 10.43
2001  90  8 57   23.42  9.10
2001  90  8 58   28.18 99.99
2001  90  8 59   25.30 99.99
2001  90  9  0 9999.99 99.99
2001  90  9  1 9999.99 99.99
2001  90  9  2   26.15  7.93
2001  90  9  3   27.24  7.31
2001  90  9  4 9999.99  7.72
2001  90  9  5   27.39  8.11
2001  90  9  6   27.71  8.11
2001  90  9  7   27.49  7.78
2001  90  9  8   28.59  6.75
2001  90  9  9   29.82  6.35
2001  90  9 10   31.03  6.82
2001  90  9 11   20.12  7.67
2001  90  9 12   17.48  8.77
2001  90  9 13   17.06  8.48
2001  90  9 14   23.04  9.24
2001  90  9 15   26.15  9.17
2001  90  9 16   26.25  8.71
2001  90  9 17   26.86  8.61
2001  90  9 18   25.97 99.99
2001  90  9 19   25.24 10.93
2001  90  9 20   20.36 10.93
2001  90  9 21   28.19 11.49
2001  90  9 22   30.26  9.64
2001  90  9 23   28.79  9.63
2001  90  9 24   18.13 19.93
2001  90  9 25   19.75 18.99
2001  90  9 26   21.15 16.85
2001  90  9 27   21.32 99.99
2001  90  9 28   21.41 18.10
2001  90  9 29   21.54 19.08
2001  90  9 30   20.69 21.11
2001  90  9 31   24.10 19.88
2001  90  9 32   25.14 19.15
2001  90  9 33   25.32 19.47
2001  90  9 34   20.04 19.49
2001  90  9 35   22.53 19.35
2001  90  9 36   21.53 19.36
2001  90  9 37   21.75 19.57
2001  90  9 38   22.32 19.42
2001  90  9 39   23.03 18.10
2001  90  9 40   24.16 18.50
2001  90  9 41   24.69 16.41
2001  90  9 42   25.64 17.34
2001  90  9 43   26.45 17.65
2001  90  9 44   26.81 17.77
2001  90  9 45   26.00 17.19
2001  90  9 46   25.81 16.09
2001  90  9 47   25.81 15.61
2001  90  9 48   25.98 15.94
2001  90  9 49   26.40 16.37
2001  90  9 50   26.85 16.42
2001  90  9 51   27.09 13.74
2001  90  9 52   27.05 13.74
2001  90  9 53   26.94 14.28
2001  90  9 54   26.41 14.28
2001  90  9 55   26.61 15.66
2001  90  9 56   26.97 15.66
2001  90  9 57   26.91 99.99
2001  90  9 58   26.85 15.60
2001  90  9 59   26.95 15.60
2001  90 10  0   26.34 16.53
2001  90 10  1   26.88 16.31
2001  90 10  2   26.57 15.10
2001  90 10  3   25.95 15.96
2001  90 10  4   26.28 15.97
2001  90 10  5   26.19 15.97
2001  90 10  6   25.84 16.31
2001  90 10  7   25.98 16.31
2001  90 10  8   25.98 15.43
2001  90 10  9   26.00 15.39
2001  90 10 10   26.30 15.39
2001  90 10 11   25.89 15.67
2001  90 10 12   26.33 15.73
2001  90 10 13   27.07 15.88
2001  90 10 14   26.99 15.93
2001  90 10 15   26.51 16.83
2001  90 10 16   26.48 16.83
2001  90 10 17   25.43 16.91
2001  90 10 18   27.64 19.22
2001  90 10 19   26.88 19.26
2001  90 10 20   26.90 20.97
2001  90 10 21   26.38 18.66
2001  90 10 22   26.18 19.28
2001  90 10 23   25.80 20.40
2001  90 10 24   25.38 20.31
2001  90 10 25   25.56 18.40
2001  90 10 26   25.77 18.74
2001  90 10 27   26.76 18.46
2001  90 10 28   24.72 16.83
2001  90 10 29   23.94 17.66
2001  90 10 30   21.99 16.09
2001  90 10 31   24.76 16.09
2001  90 10 32   25.85 15.46
2001  90 10 33   27.47 15.13
2001  90 10 34   28.26 15.34
2001  90 10 35   28.29 15.04
2001  90 10 36   27.97 14.58
2001  90 10 37   28.16 14.49
2001  90 10 38   22.31 20.12
2001  90 10 39   20.05 20.12
2001  90 10 40   25.19 19.46
2001  90 10 41   27.63 16.54
2001  90 10 42   28.70 15.92
2001  90 10 43   27.48 16.28
2001  90 10 44   -3.78 15.44
2001  90 10 45   19.39 16.38
2001  90 10 46    2.71 16.33
2001  90 10 47   -2.58 14.70
2001  90 10 48   -1.89 14.25
2001  90 10 49   -1.47 14.29
2001  90 10 50    1.65 14.80
2001  90 10 51    3.11 12.38
2001  90 10 52    9.96 13.67
2001  90 10 53   13.42 99.99
2001  90 10 54   13.31 99.99
2001  90 10 55   14.83 99.99
2001  90 10 56   11.41 99.99
2001  90 10 57   14.77  9.31
2001  90 10 58 9999.99  9.33
2001  90 10 59   15.39 99.99
2001  90 11  0 9999.99 99.99
2001  90 11  1   16.22 99.99
2001  90 11  2 9999.99 99.99
2001  90 11  3   17.14 99.99
2001  90 11  4 9999.99 99.99
2001  90 11  5   18.24 10.03
2001  90 11  6 9999.99 10.03
2001  90 11  7   17.53 99.99
2001  90 11  8 9999.99 99.99
2001  90 11  9   17.00 11.95
2001  90 11 10   16.63 12.07
2001  90 11 11   14.35 12.10
2001  90 11 12   16.54 12.17
2001  90 11 13   17.38 14.16
2001  90 11 14   18.66 12.35
2001  90 11 15   15.32 13.22
2001  90 11 16   14.82 16.60
2001  90 11 17 9999.99 16.67
2001  90 11 18   14.28 99.99
2001  90 11 19 9999.99 99.99
2001  90 11 20   15.54 99.99
2001  90 11 21 9999.99 99.99
2001  90 11 22   15.02 99.99
2001  90 11 23 9999.99 99.99
2001  90 11 24   13.77 16.28
2001  90 11 25 9999.99 16.28
2001  90 11 26   12.76 99.99
2001  90 11 27 9999.99 99.99
2001  90 11 28   13.12 99.99
2001  90 11 29   13.12 99.99
2001  90 11 30 9999.99 99.99
2001  90 11 31   14.50 99.99
2001  90 11 32 9999.99 99.99
2001  90 11 33 9999.99 99.99
2001  90 11 34   16.20 17.07
2001  90 11 35 9999.99 17.07
2001  90 11 36   15.03 99.99
2001  90 11 37   15.03 99.99
2001  90 11 38   18.65 16.83
2001  90 11 39   18.26 16.08
2001  90 11 40   16.81 15.89
2001  90 11 41   15.58 15.33
2001  90 11 42   16.70 15.41
2001  90 11 43   15.26 15.47
2001  90 11 44 9999.99 99.99
2001  90 11 45   13.46 15.89
2001  90 11 46    6.93 16.25
2001  90 11 47   -1.42 16.28
2001  90 11 48   12.73 15.71
2001  90 11 49    8.17 16.39
2001  90 11 50   18.52 16.69
2001  90 11 51   14.45 15.31
2001  90 11 52   17.93 15.93
2001  90 11 53   15.31 18.13
2001  90 11 54   15.38 18.89
2001  90 11 55   12.72 18.81
2001  90 11 56   15.13 19.64
2001  90 11 57   14.30 20.00
2001  90 11 58   16.30 17.98
2001  90 11 59   14.86 17.97
2001  90 12  0   10.56 15.04
2001  90 12  1    9.95 15.29
2001  90 12  2    8.76 15.29
2001  90 12  3   11.89 21.14
2001  90 12  4    5.79 17.97
2001  90 12  5   14.63 17.17
2001  90 12  6   11.97 15.15
2001  90 12  7   -8.95 15.15
2001  90 12  8   -7.47 99.99
2001  90 12  9   -8.76 15.51
2001  90 12 10   -5.18 16.48
2001  90 12 11    8.65 20.32
2001  90 12 12   12.78 19.66
2001  90 12 13   11.32 20.42
2001  90 12 14    9.54 99.99
2001  90 12 15    9.54 99.99
2001  90 12 16    9.59 21.74
2001  90 12 17    8.27 21.74
2001  90 12 18    2.16 99.99
2001  90 12 19    8.42 22.30
2001  90 12 20    9.39 22.30
2001  90 12 21    2.19 21.72
2001  90 12 22    7.63 21.81
2001  90 12 23    5.86 22.47
2001  90 12 24    5.47 25.32
2001  90 12 25    6.35 23.71
2001  90 12 26    5.84 24.24
2001  90 12 27    6.45 23.63
2001  90 12 28    6.42 23.73
2001  90 12 29    5.28 23.70
2001  90 12 30    5.44 23.73
2001  90 12 31    3.02 23.86
2001  90 12 32    1.84 24.76
2001  90 12 33    0.25 24.59
2001  90 12 34   -0.09 23.86
2001  90 12 35   -2.47 24.29
2001  90 12 36   -1.42 24.13
2001  90 12 37   -2.22 24.65
2001  90 12 38   -4.72 20.80
2001  90 12 39   -9.47 20.05
2001  90 12 40   -9.53 19.62
2001  90 12 41   -7.42 19.14
2001  90 12 42   -6.43 19.07
2001  90 12 43   -4.79 19.07
2001  90 12 44   -5.83 18.90
2001  90 12 45   -5.78 18.90
2001  90 12 46   -7.08 17.91
2001  90 12 47  -12.00 17.00
2001  90 12 48  -15.14 17.02
2001  90 12 49  -17.28 17.33
2001  90 12 50  -17.21 19.32
2001  90 12 51  -17.84 19.32
2001  90 12 52  -17.08 17.28
2001  90 12 53  -12.53 19.54
2001  90 12 54   -9.50 21.47
2001  90 12 55   -7.73 21.47
2001  90 12 56   -6.54 20.00
2001  90 12 57   -7.40 20.00
2001  90 12 58   -5.87 99.99
2001  90 12 59   -5.74 21.56
2001  90 13  0   -5.28 21.56
2001  90 13  1  -20.67 15.16
2001  90 13  2  -21.60 13.10
2001  90 13  3  -25.62 11.49
2001  90 13  4  -27.24  9.98
2001  90 13  5  -26.23  9.71
2001  90 13  6  -26.29 10.95
2001  90 13  7  -24.37  9.01
2001  90 13  8  -21.11 10.99
2001  90 13  9  -18.24 11.56
2001  90 13 10  -18.36 12.37
2001  90 13 11  -16.33 13.38
2001  90 13 12  -14.52 12.69
2001  90 13 13   12.60 10.26
2001  90 13 14   25.95  9.45
2001  90 13 15   24.92 10.63
2001  90 13 16   24.77 11.19
2001  90 13 17   27.46  9.47
2001  90 13 18   26.03  6.42
2001  90 13 19   24.84  6.73
2001  90 13 20   22.45  7.10
2001  90 13 21   21.22  8.72
2001  90 13 22   20.99  8.12
2001  90 13 23   21.48  9.58
2001  90 13 24   15.90  7.70
2001  90 13 25   19.88  9.45
2001  90 13 26   24.27  8.77
2001  90 13 27   26.31  9.38
2001  90 13 28   26.85  7.61
2001  90 13 29   24.94  7.44
2001  90 13 30   24.85  8.80
2001  90 13 31   25.80  9.16
2001  90 13 32   24.89  9.05
2001  90 13 33   25.77  8.46
2001  90 13 34   24.11  9.39
2001  90 13 35   22.31  8.56
2001  90 13 36   22.68  8.56
2001  90 13 37   23.86  7.13
2001  90 13 38   24.73  7.11
2001  90 13 39   25.13  7.11
2001  90 13 40   25.11  8.23
2001  90 13 41   25.51  8.01
2001  90 13 42   25.52  7.96
2001  90 13 43   25.43  7.80
2001  90 13 44   25.32  7.72
2001  90 13 45   26.66  7.31
2001  90 13 46   27.07  6.89
2001  90 13 47   27.92  6.19
2001  90 13 48   27.94  6.16
2001  90 13 49   28.70  6.24
2001  90 13 50   27.78  8.89
2001  90 13 51   27.74  8.53
2001  90 13 52   27.89  8.89
2001  90 13 53   27.74  8.85
2001  90 13 54   27.48  8.75
2001  90 13 55   26.57  7.56
2001  90 13 56   26.55  7.46
2001  90 13 57   27.31  7.48
2001  90 13 58   27.59  7.98
2001  90 13 59   27.28  8.71
2001  90 14  0   26.88  8.89
2001  90 14  1   28.18  9.62
2001  90 14  2   28.10  9.70
2001  90 14  3   27.93 10.14
2001  90 14  4   26.80 10.30
2001  90 14  5   25.48  9.66
2001  90 14  6   27.52 10.30
2001  90 14  7   27.77  9.76
2001  90 14  8   27.30 10.10
2001  90 14  9   25.66 10.29
2001  90 14 10   27.00 10.06
2001  90 14 11   28.34  9.42
2001  90 14 12   29.78  8.12
2001  90 14 13   30.44  8.08
2001  90 14 14   30.77  8.13
2001  90 14 15   29.33  8.11
2001  90 14 16   27.92 10.07
2001  90 14 17   25.58 13.16
2001  90 14 18   26.43 12.73
2001  90 14 19   27.08 12.71
2001  90 14 20   27.20 11.59
2001  90 14 21   26.96 12.00
2001  90 14 22   22.14 14.94
2001  90 14 23   27.90 13.16
2001  90 14 24   17.96 14.90
2001  90 14 25   14.62  9.15
2001  90 14 26    8.12  7.60
2001  90 14 27    0.72  6.65
2001  90 14 28   -1.02  8.14
2001  90 14 29    4.51  8.43
2001  90 14 30    1.33  9.12
2001  90 14 31    2.46  7.99
2001  90 14 32   -0.77  8.19
2001  90 14 33   -2.24  7.79
2001  90 14 34   -3.02  8.54
2001  90 14 35   -6.34 99.99
2001  90 14 36   -8.87  6.36
2001  90 14 37  -12.77  6.84
2001  90 14 38  -26.43  6.94
2001  90 14 39  -30.55  5.81
2001  90 14 40  -33.21  5.64
2001  90 14 41  -31.97  5.92
2001  90 14 42  -30.51  5.50
2001  90 14 43  -29.53  5.90
2001  90 14 44  -29.18  5.99
2001  90 14 45  -28.65  6.05
2001  90 14 46  -30.49  6.02
2001  90 14 47  -31.71  6.09
2001  90 14 48  -31.63  5.84
2001  90 14 49  -33.48  5.69
2001  90 14 50  -33.14  5.77
2001  90 14 51  -34.26  5.47
2001  90 14 52  -34.00  4.60
2001  90 14 53  -33.60  4.61
2001  90 14 54  -32.86  4.36
2001  90 14 55  -33.13  4.47
2001  90 14 56  -33.11  4.65
2001  90 14 57  -33.42  4.70
2001  90 14 58  -33.73  4.68
2001  90 14 59  -34.15  4.66
2001  90 15  0  -33.87  4.95
2001  90 15  1  -33.72  4.33
2001  90 15  2  -33.87  5.11
2001  90 15  3  -35.46  6.22
2001  90 15  4  -35.89  6.61
2001  90 15  5  -36.15  5.61
2001  90 15  6  -35.82  5.92
2001  90 15  7  -35.81  5.90
2001  90 15  8  -35.24  5.54
2001  90 15  9  -34.90  5.94
2001  90 15 10  -35.17  6.28
2001  90 15 11  -35.17  4.97
2001  90 15 12  -34.14  5.96
2001  90 15 13  -33.84  6.30
2001  90 15 14  -33.93  5.92
2001  90 15 15  -33.94  5.92
2001  90 15 16  -34.32  5.29
2001  90 15 17  -32.96  5.56
2001  90 15 18  -33.35  4.69
2001  90 15 19  -31.91  4.79
2001  90 15 20  -32.53  8.42
2001  90 15 21  -32.50  7.17
2001  90 15 22  -31.97  7.34
2001  90 15 23  -32.17  8.03
2001  90 15 24  -32.29  8.88
2001  90 15 25  -31.98  9.89
2001  90 15 26  -31.68 10.12
2001  90 15 27  -30.85 99.99
2001  90 15 28  -31.48  9.73
2001  90 15 29  -32.41  9.73
2001  90 15 30  -32.37  7.20
2001  90 15 31  -32.57  8.45
2001  90 15 32  -32.42  9.30
2001  90 15 33  -32.85  8.38
2001  90 15 34  -32.65  9.03
2001  90 15 35  -33.19  7.05
2001  90 15 36  -33.47  5.68
2001  90 15 37  -33.22  5.46
2001  90 15 38  -33.28  5.10
2001  90 15 39  -33.70  5.47
2001  90 15 40  -34.30  5.45
2001  90 15 41  -34.07  5.37
2001  90 15 42  -34.06  5.56
2001  90 15 43  -33.74  5.61
2001  90 15 44  -33.58  4.90
2001  90 15 45  -33.80  4.42
2001  90 15 46  -33.99  4.40
2001  90 15 47  -33.82  4.42
2001  90 15 48  -33.83  4.15
2001  90 15 49  -34.03  3.75
2001  90 15 50  -32.33  3.90
2001  90 15 51  -32.33  3.99
2001  90 15 52  -32.00  4.22
2001  90 15 53  -31.00  3.86
2001  90 15 54  -32.74  3.38
2001  90 15 55  -32.65  3.51
2001  90 15 56  -32.82  3.84
2001  90 15 57  -31.68  3.58
2001  90 15 58  -31.69  3.24
2001  90 15 59  -32.23  2.99
2001  90 16  0  -32.35 99.99
2001  90 16  1  -32.41  3.17
2001  90 16  2  -32.30  3.20
2001  90 16  3  -32.35  3.49
2001  90 16  4  -31.81  3.79
2001  90 16  5  -31.29  3.61
2001  90 16  6  -31.58  3.51
2001  90 16  7  -33.08  3.34
2001  90 16  8  -32.58  3.97
2001  90 16  9  -32.42  2.93
2001  90 16 10  -31.17  2.93
2001  90 16 11  -31.23  3.35
2001  90 16 12  -31.53  2.99
2001  90 16 13  -33.30  2.82
2001  90 16 14  -33.18  2.83
2001  90 16 15  -32.94  2.85
2001  90 16 16  -33.12  2.42
2001  90 16 17  -32.77  2.81
2001  90 16 18  -33.20  3.09
2001  90 16 19  -33.47  3.01
2001  90 16 20  -33.17  2.78
2001  90 16 21  -32.72  2.73
2001  90 16 22  -32.62  2.63
2001  90 16 23  -32.63  2.99
2001  90 16 24  -32.76  2.77
2001  90 16 25  -32.72  2.61
2001  90 16 26  -32.34  2.78
2001  90 16 27  -32.83  2.55
2001  90 16 28  -32.83  2.52
2001  90 16 29  -31.88  2.39
2001  90 16 30  -31.64  2.24
2001  90 16 31  -31.61  1.94
2001  90 16 32  -31.54  2.11
2001  90 16 33  -31.71  2.18
2001  90 16 34  -32.11  2.27
2001  90 16 35  -32.28  2.42
2001  90 16 36  -32.81 99.99
2001  90 16 37  -32.03  2.08
2001  90 16 38  -32.53  1.84
2001  90 16 39  -32.34  1.59
2001  90 16 40  -32.42  1.55
2001  90 16 41  -32.24  1.57
2001  90 16 42  -31.50  1.31
2001  90 16 43  -31.19  1.68
2001  90 16 44  -32.09  1.66
2001  90 16 45  -32.02  1.69
2001  90 16 46  -32.05  1.71
2001  90 16 47  -31.28  4.27
2001  90 16 48  -27.43  4.27
2001  90 16 49  -28.40  4.24
2001  90 16 50  -28.51  4.50
2001  90 16 51  -26.74  3.57
2001  90 16 52  -25.01 99.99
2001  90 16 53  -23.36  3.57
2001  90 16 54  -23.44  4.49
2001  90 16 55  -23.77  5.71
2001  90 16 56  -24.20  5.90
2001  90 16 57  -26.37  5.71
2001  90 16 58  -26.65  7.90
2001  90 16 59  -26.69  7.90
2001  90 17  0  -27.77  6.62
2001  90 17  1  -29.16  6.14
2001  90 17  2  -29.19  6.91
2001  90 17  3  -29.24  5.59
2001  90 17  4  -28.93  8.09
2001  90 17  5  -28.98  8.09
2001  90 17  6  -29.45  7.46
2001  90 17  7  -29.35  5.88
2001  90 17  8  -30.10  7.31
2001  90 17  9  -30.95  7.31
2001  90 17 10  -29.12  7.30
2001  90 17 11  -31.05  8.90
2001  90 17 12  -31.86  7.33
2001  90 17 13  -31.97  6.98
2001  90 17 14  -31.37  9.95
2001  90 17 15  -30.58  8.37
2001  90 17 16  -32.10  7.11
2001  90 17 17  -31.94  6.65
2001  90 17 18  -31.79  6.92
2001  90 17 19  -31.24  6.69
2001  90 17 20  -31.34  5.48
2001  90 17 21  -31.26  5.21
2001  90 17 22  -31.02  5.34
2001  90 17 23  -30.88  5.78
2001  90 17 24  -29.49  5.83
2001  90 17 25  -29.28  9.77
2001  90 17 26  -28.70 10.33
2001  90 17 27  -29.23  7.16
2001  90 17 28  -28.92  8.02
2001  90 17 29  -28.41  7.67
2001  90 17 30  -28.09  5.56
2001  90 17 31  -29.42  9.69
2001  90 17 32  -29.88 10.67
2001  90 17 33  -29.92  9.27
2001  90 17 34  -29.27 10.71
2001  90 17 35  -31.91 11.25
2001  90 17 36  -30.85  9.85
2001  90 17 37  -30.88 10.77
2001  90 17 38  -31.14  9.22
2001  90 17 39  -31.14  9.05
2001  90 17 40  -30.42  7.85
2001  90 17 41  -30.54  8.65
2001  90 17 42  -30.53  8.65
2001  90 17 43  -30.56  7.80
2001  90 17 44  -30.76  7.80
2001  90 17 45  -30.61  7.89
2001  90 17 46  -30.65  7.89
2001  90 17 47  -30.29  7.46
2001  90 17 48  -30.08  7.86
2001  90 17 49  -30.15  7.89
2001  90 17 50  -30.13  8.31
2001  90 17 51  -29.88  9.56
2001  90 17 52  -29.73  9.20
2001  90 17 53  -30.10 10.27
2001  90 17 54  -29.90 10.63
2001  90 17 55  -28.95  9.79
2001  90 17 56  -29.64 11.04
2001  90 17 57  -29.43 11.02
2001  90 17 58  -29.26  9.91
2001  90 17 59  -29.05  8.52
2001  90 18  0  -29.27 10.07
2001  90 18  1  -29.89 10.04
2001  90 18  2  -29.82 10.82
2001  90 18  3  -29.86 10.80
2001  90 18  4  -30.06 10.59
2001  90 18  5  -29.79 10.27
2001  90 18  6  -30.34  9.69
2001  90 18  7  -30.29  8.40
2001  90 18  8  -30.34  9.11
2001  90 18  9  -29.34  8.62
2001  90 18 10  -28.08  9.39
2001  90 18 11  -27.68 11.19
2001  90 18 12  -27.69 11.01
2001  90 18 13  -27.05 11.85
2001  90 18 14  -26.81 12.04
2001  90 18 15  -26.86  9.67
2001  90 18 16  -26.17  9.87
2001  90 18 17  -23.24 10.48
2001  90 18 18  -23.13 13.10
2001  90 18 19  -23.97 99.99
2001  90 18 20  -25.19 13.85
2001  90 18 21  -25.61  9.97
2001  90 18 22  -26.27  9.34
2001  90 18 23  -25.75 13.24
2001  90 18 24  -25.45 14.25
2001  90 18 25  -26.09 17.36
2001  90 18 26  -24.62 14.53
2001  90 18 27  -22.45  6.92
2001  90 18 28  -21.74  6.69
2001  90 18 29  -23.84  6.63
2001  90 18 30  -21.21  6.25
2001  90 18 31  -20.01  7.16
2001  90 18 32  -21.17  7.64
2001  90 18 33  -23.39  6.97
2001  90 18 34  -22.79  7.11
2001  90 18 35  -23.56  7.16
2001  90 18 36  -24.79  5.27
2001  90 18 37  -25.09  5.27
2001  90 18 38  -24.54  5.65
2001  90 18 39  -24.74  5.65
2001  90 18 40  -25.30  5.78
2001  90 18 41  -25.33  5.57
2001  90 18 42  -24.61  5.52
2001  90 18 43  -24.04  6.53
2001  90 18 44  -23.87  5.16
2001  90 18 45  -22.40  5.14
2001  90 18 46  -22.85  5.84
2001  90 18 47  -23.81  6.15
2001  90 18 48  -23.79  6.21
2001  90 18 49  -23.72  6.66
2001  90 18 50  -22.97  6.88
2001  90 18 51  -22.68  6.88
2001  90 18 52  -22.65  7.11
2001  90 18 53  -22.15  7.64
2001  90 18 54  -22.31  7.64
2001  90 18 55  -22.74  7.64
2001  90 18 56  -22.53  7.13
2001  90 18 57  -22.64  6.80
2001  90 18 58  -23.02  6.61
2001  90 18 59  -21.90 99.99
2001  90 19  0  -22.89  7.14
2001  90 19  1  -23.04  7.14
2001  90 19  2  -23.62  5.63
2001  90 19  3  -23.29  5.63
2001  90 19  4  -24.20  5.86
2001  90 19  5  -24.58  5.89
2001  90 19  6  -25.07  5.91
2001  90 19  7  -24.77  6.70
2001  90 19  8  -24.95  6.70
2001  90 19  9  -25.77  5.92
2001  90 19 10  -26.41  5.59
2001  90 19 11  -25.68  5.59
2001  90 19 12  -23.56  7.15
2001  90 19 13  -22.15  7.01
2001  90 19 14  -21.75  6.63
2001  90 19 15  -23.14  6.63
2001  90 19 16  -22.71  6.76
2001  90 19 17  -22.21  6.74
2001  90 19 18  -22.63  6.35
2001  90 19 19  -23.72  6.48
2001  90 19 20  -22.80  6.61
2001  90 19 21  -22.74  6.71
2001  90 19 22  -22.12 99.99
2001  90 19 23  -21.75  5.92
2001  90 19 24  -21.32  5.43
2001  90 19 25  -22.07  5.27
2001  90 19 26  -22.73  4.93
2001  90 19 27  -23.88  4.48
2001  90 19 28  -23.95  4.36
2001  90 19 29  -24.24  3.98
2001  90 19 30  -24.76  4.46
2001  90 19 31  -23.98  4.27
2001  90 19 32  -23.93  4.36
2001  90 19 33  -23.28  5.66
2001  90 19 34  -23.04  5.42
2001  90 19 35  -23.12  5.52
2001  90 19 36  -23.37  4.68
2001  90 19 37  -22.33  4.60
2001  90 19 38  -22.00  7.72
2001  90 19 39  -20.99  7.67
2001  90 19 40  -20.47  7.49
2001  90 19 41  -20.31  7.33
2001  90 19 42  -20.07  7.95
2001  90 19 43  -19.88  7.96
2001  90 19 44  -20.34  6.99
2001  90 19 45  -20.19  6.99
2001  90 19 46  -20.39  7.34
2001  90 19 47  -20.48  7.34
2001  90 19 48  -19.84  7.96
2001  90 19 49  -21.15  7.96
2001  90 19 50  -22.34  7.90
2001  90 19 51  -23.10  7.83
2001  90 19 52  -21.90  8.05
2001  90 19 53  -21.60  8.33
2001  90 19 54  -20.92  8.18
2001  90 19 55  -22.16  7.66
2001  90 19 56  -22.02  7.25
2001  90 19 57  -22.40  7.20
2001  90 19 58  -22.29 99.99
2001  90 19 59  -21.89  7.27
2001  90 20  0  -22.10  6.22
2001  90 20  1  -17.54  6.48
2001  90 20  2  -14.79  7.07
2001  90 20  3   -9.27  8.15
2001  90 20  4  -10.23  9.27
2001  90 20  5  -11.27  9.51
2001  90 20  6  -15.90  8.54
2001  90 20  7  -15.71  7.02
2001  90 20  8  -20.06  8.15
2001  90 20  9  -16.43 12.10
2001  90 20 10  -14.85 11.01
2001  90 20 11  -14.20 12.20
2001  90 20 12  -13.70 99.99
2001  90 20 13  -14.49  5.02
2001  90 20 14  -13.71  5.55
2001  90 20 15  -13.84  4.26
2001  90 20 16  -12.65  4.57
2001  90 20 17   -9.98  4.78
2001  90 20 18  -10.58  6.84
2001  90 20 19  -12.32  8.23
2001  90 20 20  -14.28  8.23
2001  90 20 21  -14.86 99.99
2001  90 20 22  -13.85 10.71
2001  90 20 23  -12.57  9.78
2001  90 20 24  -13.83 11.88
2001  90 20 25  -16.93 12.88
2001  90 20 26  -20.16  7.81
2001  90 20 27  -20.10  7.81
2001  90 20 28  -19.64  7.82
2001  90 20 29  -17.81  8.23
2001  90 20 30  -15.17 10.39
2001  90 20 31  -14.75  9.13
2001  90 20 32  -11.16  8.35
2001  90 20 33  -13.46  9.10
2001  90 20 34  -11.90  9.22
2001  90 20 35  -13.92 12.53
2001  90 20 36  -14.55 11.59
2001  90 20 37  -15.32 11.56
2001  90 20 38  -13.46 18.90
2001  90 20 39  -13.42 19.05
2001  90 20 40  -12.75 19.65
2001  90 20 41  -13.97 17.87
2001  90 20 42  -11.53 99.99
2001  90 20 43  -10.14 18.71
2001  90 20 44  -10.93 18.71
2001  90 20 45   -6.17 17.07
2001  90 20 46   -6.01 17.07
2001  90 20 47   -7.90 14.76
2001  90 20 48  -11.20 14.76
2001  90 20 49  -11.19 11.65
2001  90 20 50  -12.73 10.31
2001  90 20 51  -12.66  8.06
2001  90 20 52  -12.63  8.27
2001  90 20 53  -13.57  7.75
2001  90 20 54  -13.11  7.73
2001  90 20 55  -13.82  8.62
2001  90 20 56  -12.27  7.03
2001  90 20 57  -11.43  7.03
2001  90 20 58  -11.15  7.80
2001  90 20 59  -14.39  6.10
2001  90 21  0  -14.63  4.60
2001  90 21  1  -16.48  5.88
2001  90 21  2  -16.43  3.72
2001  90 21  3  -17.31  4.20
2001  90 21  4  -16.19  5.84
2001  90 21  5  -18.67  4.78
2001  90 21  6  -17.76  4.58
2001  90 21  7  -17.94  4.47
2001  90 21  8  -17.67  5.11
2001  90 21  9  -18.01  3.99
2001  90 21 10  -18.55  2.98
2001  90 21 11  -19.01  3.95
2001  90 21 12  -19.00  3.95
2001  90 21 13  -17.89 99.99
2001  90 21 14  -16.98 99.99
2001  90 21 15  -18.39  3.15
2001  90 21 16  -18.06  4.34
2001  90 21 17  -17.85  3.18
2001  90 21 18  -17.61  3.08
2001  90 21 19  -18.36  3.12
2001  90 21 20  -18.12  3.04
2001  90 21 21  -17.74  3.14
2001  90 21 22  -17.42  2.95
2001  90 21 23  -17.53  2.32
2001  90 21 24  -17.37  2.75
2001  90 21 25  -19.05  3.37
2001  90 21 26  -19.54  3.65
2001  90 21 27  -19.61 99.99
2001  90 21 28  -19.44 99.99
2001  90 21 29  -19.46  2.15
2001  90 21 30  -19.85  2.15
2001  90 21 31  -19.53 99.99
2001  90 21 32  -19.65  1.83
2001  90 21 33  -19.06  1.83
2001  90 21 34  -17.04 99.99
2001  90 21 35  -15.95  1.39
2001  90 21 36  -19.82  1.49
2001  90 21 37  -19.52  2.43
2001  90 21 38  -19.19  1.52
2001  90 21 39  -18.95  1.53
2001  90 21 40  -18.99  1.82
2001  90 21 41  -19.00  1.65
2001  90 21 42  -18.90  1.59
2001  90 21 43  -18.30  1.41
2001  90 21 44  -18.50  1.54
2001  90 21 45  -18.34  1.60
2001  90 21 46  -18.19  1.62
2001  90 21 47  -17.85  1.54
2001  90 21 48  -17.57  1.35
2001  90 21 49  -18.68  1.57
2001  90 21 50  -18.22 99.99
2001  90 21 51  -17.38  2.02
2001  90 21 52  -16.72  2.22
2001  90 21 53  -16.33  2.30
2001  90 21 54  -16.04  2.44
2001  90 21 55  -16.66  2.30
2001  90 21 56  -15.69  2.30
2001  90 21 57  -15.94  2.04
2001  90 21 58  -16.22  1.87
2001  90 21 59  -17.26  1.45
2001  90 22  0  -17.47  1.08
2001  90 22  1  -17.75  1.21
2001  90 22  2  -17.54  1.60
2001  90 22  3  -17.41  0.98
2001  90 22  4  -15.37  1.08
2001  90 22  5  -16.12  1.43
2001  90 22  6  -15.66  1.51
2001  90 22  7  -13.90  1.28
2001  90 22  8  -13.06  1.19
2001  90 22  9  -13.55 99.99
2001  90 22 10  -16.67  1.15
2001  90 22 11  -18.22  1.41
2001  90 22 12  -20.65  1.87
2001  90 22 13  -20.02  1.73
2001  90 22 14  -16.38  2.83
2001  90 22 15  -13.86  6.06
2001  90 22 16  -12.11  3.16
2001  90 22 17  -15.81  3.84
2001  90 22 18   -3.64  2.85
2001  90 22 19    2.60  7.64
2001  90 22 20    3.65 10.47
2001  90 22 21   -2.72  2.99
2001  90 22 22   18.15  9.22
2001  90 22 23   16.18 10.59
2001  90 22 24   14.54  7.19
2001  90 22 25   17.22 99.99
2001  90 22 26   17.88  6.26
2001  90 22 27   17.42  6.26
2001  90 22 28   17.18  6.19
2001  90 22 29   17.84  5.73
2001  90 22 30   17.52  5.66
2001  90 22 31   17.29  5.49
2001  90 22 32   17.29  5.68
2001  90 22 33   18.19  6.24
2001  90 22 34   19.72  7.32
2001  90 22 35   19.21  6.43
2001  90 22 36   19.62  6.96
2001  90 22 37   18.66  7.89
2001  90 22 38   19.18  8.52
2001  90 22 39   19.84  6.39
2001  90 22 40   19.23  6.42
2001  90 22 41   18.53  9.03
2001  90 22 42   20.23  9.08
2001  90 22 43   20.12  6.93
2001  90 22 44   21.92  6.48
2001  90 22 45   22.74  6.46
2001  90 22 46   22.21  5.94
2001  90 22 47   23.31  6.11
2001  90 22 48   23.85  6.61
2001  90 22 49   24.28  6.45
2001  90 22 50   24.32  6.32
2001  90 22 51   22.89  6.62
2001  90 22 52   23.51  6.62
2001  90 22 53   23.38  6.37
2001  90 22 54   22.68  6.37
2001  90 22 55   23.33  6.46
2001  90 22 56   23.93  5.82
2001  90 22 57   24.26  5.66
2001  90 22 58   25.31  5.82
2001  90 22 59   24.07  5.67
2001  90 23  0   24.08  5.49
2001  90 23  1   20.45  5.50
2001  90 23  2   20.03  9.76
2001  90 23  3   10.49  9.85
2001  90 23  4   13.27 17.39
2001  90 23  5   15.80 21.14
2001  90 23  6   20.80 21.14
2001  90 23  7   16.33 99.99
2001  90 23  8    4.56 15.84
2001  90 23  9   -4.27 13.60
2001  90 23 10   -5.17 13.45
2001  90 23 11   -6.63 12.83
2001  90 23 12   -7.60 10.42
2001  90 23 13   -4.83 10.76
2001  90 23 14   -4.34 10.89
2001  90 23 15   -1.83 10.74
2001  90 23 16   -2.79 11.39
2001  90 23 17   -3.44 11.17
2001  90 23 18   -2.35 10.91
2001  90 23 19   -2.03 10.46
2001  90 23 20   -2.64  9.53
2001  90 23 21   -3.40  9.59
2001  90 23 22   -3.16  9.82
2001  90 23 23   -3.47 10.32
2001  90 23 24   -4.80 10.38
2001  90 23 25   -3.66 10.48
2001  90 23 26   -3.83  9.62
2001  90 23 27   -4.44 10.10
2001  90 23 28    0.40  8.40
2001  90 23 29   -0.68  9.46
2001  90 23 30   -4.31  7.01
2001  90 23 31   -2.54  7.34
2001  90 23 32   -1.43  7.23
2001  90 23 33    2.76  6.23
2001  90 23 34    2.95  3.35
2001  90 23 35    1.42  3.96
2001  90 23 36   -0.73  4.09
2001  90 23 37   -0.78  6.67
2001  90 23 38   -2.14  6.67
2001  90 23 39   -2.36  4.65
2001  90 23 40   -1.98  4.40
2001  90 23 41   -1.14  4.56
2001  90 23 42   -2.35  4.61
2001  90 23 43   -3.01  4.59
2001  90 23 44   -3.32  4.11
2001  90 23 45   -4.48  4.36
2001  90 23 46   -2.74  4.74
2001  90 23 47   -4.74  5.41
2001  90 23 48   -4.40  7.27
2001  90 23 49   -4.72  6.73
2001  90 23 50   -6.46  5.52
2001  90 23 51   -6.95  4.22
2001  90 23 52   -6.34  6.79
2001  90 23 53   -6.85  7.00
2001  90 23 54   -8.22  5.86
2001  90 23 55   -8.95  5.17
2001  90 23 56   -2.06  4.38
2001  90 23 57    2.19  2.33
2001  90 23 58    3.11  1.98
2001  90 23 59    3.25  2.05
2001  91  0  0    3.12  1.97
2001  91  0  1    3.64  2.02
2001  91  0  2    4.78  2.12
2001  91  0  3    4.84  2.18
2001  91  0  4    6.58  1.61
2001  91  0  5    8.27  1.74
2001  91  0  6    9.64  1.98
2001  91  0  7   10.73  2.27
2001  91  0  8   10.31  2.23
2001  91  0  9   10.59  1.92
2001  91  0 10   11.02  2.30
2001  91  0 11    9.12  2.04
2001  91  0 12    8.77  1.79
2001  91  0 13    8.24  2.10
2001  91  0 14    8.77  1.99
2001  91  0 15    8.67  1.84
2001  91  0 16    8.91  1.58
2001  91  0 17    8.63  1.59
2001  91  0 18    8.65  1.78
2001  91  0 19    8.17  2.14
2001  91  0 20    7.81  2.21
2001  91  0 21    8.34  1.87
2001  91  0 22    8.84  1.83
2001  91  0 23    8.26  2.28
2001  91  0 24    6.99  2.50
2001  91  0 25    4.89  2.50
2001  91  0 26    0.48 99.99
2001  91  0 27    2.69  5.47
2001  91  0 28    1.90  5.50
2001  91  0 29    1.81  5.68
2001  91  0 30    1.40  6.01
2001  91  0 31    0.35  6.19
2001  91  0 32   -0.12  5.81
2001  91  0 33    1.70  5.75
2001  91  0 34    5.37  4.97
2001  91  0 35    4.66  4.41
2001  91  0 36    4.46  4.99
2001  91  0 37    5.55  4.80
2001  91  0 38    4.32 99.99
2001  91  0 39    2.72  4.97
2001  91  0 40    2.57  6.13
2001  91  0 41    1.57  6.46
2001  91  0 42    7.58  4.25
2001  91  0 43    8.29  4.06
2001  91  0 44    7.43  4.65
2001  91  0 45    8.05  4.80
2001  91  0 46    7.57  4.75
2001  91  0 47    5.69  4.91
2001  91  0 48    4.54  5.16
2001  91  0 49    4.45  5.30
2001  91  0 50    4.86  5.49
2001  91  0 51    5.28  5.65
2001  91  0 52    4.90  4.94
2001  91  0 53    3.60  4.33
2001  91  0 54    3.52  3.52
2001  91  0 55    3.53  3.87
2001  91  0 56    3.79  3.96
2001  91  0 57    3.37  2.98
2001  91  0 58    3.17  3.02
2001  91  0 59    2.84  2.71
2001  91  1  0    3.11  3.59
2001  91  1  1    3.13  3.37
2001  91  1  2    3.22  3.33
2001  91  1  3    3.40  3.03
2001  91  1  4    3.55  2.81
2001  91  1  5    3.30 99.99
2001  91  1  6    3.46  2.86
2001  91  1  7    3.28  3.10
2001  91  1  8    3.62  3.11
2001  91  1  9    3.68 99.99
2001  91  1 10    3.76  2.75
2001  91  1 11    3.90  2.79
2001  91  1 12    3.56  2.89
2001  91  1 13    2.90  2.66
2001  91  1 14    3.01  2.50
2001  91  1 15    3.06  3.25
2001  91  1 16    2.03  3.76
2001  91  1 17    2.58  3.16
2001  91  1 18    2.82  4.12
2001  91  1 19    3.30  2.72
2001  91  1 20    3.84  2.80
2001  91  1 21    4.19  2.45
2001  91  1 22    4.09  2.50
2001  91  1 23    3.68  2.46
2001  91  1 24    3.53  2.52
2001  91  1 25    3.07  2.64
2001  91  1 26    2.74  2.70
2001  91  1 27    2.52  2.76
2001  91  1 28    2.76  2.72
2001  91  1 29    2.40  2.71
2001  91  1 30    2.42  2.57
2001  91  1 31    2.56  3.39
2001  91  1 32    2.76  3.04
2001  91  1 33    3.10  2.94
2001  91  1 34    2.80  3.32
2001  91  1 35    2.07  4.36
2001  91  1 36   -0.11  4.07
2001  91  1 37    0.51  4.08
2001  91  1 38   -0.21  4.24
2001  91  1 39   -0.64  3.89
2001  91  1 40   -0.47  4.38
2001  91  1 41   -0.81  4.39
2001  91  1 42   -1.26  4.67
2001  91  1 43    2.23  4.32
2001  91  1 44    3.78  4.43
2001  91  1 45    5.01  4.43
2001  91  1 46    5.59  4.48
2001  91  1 47    3.17  4.17
2001  91  1 48    5.72  4.22
2001  91  1 49    6.52  4.01
2001  91  1 50    6.28  3.97
2001  91  1 51    6.18  4.12
2001  91  1 52    5.32  4.47
2001  91  1 53    2.07  3.71
2001  91  1 54   -0.19  4.33
2001  91  1 55   -0.61  4.23
2001  91  1 56   -0.27  3.42
2001  91  1 57   -0.30  3.63
2001  91  1 58   -0.20  3.69
2001  91  1 59    0.55  3.32
2001  91  2  0    1.56  3.34
2001  91  2  1    1.39  3.78
2001  91  2  2    1.12  3.89
2001  91  2  3    0.92  3.79
2001  91  2  4    0.88  3.60
2001  91  2  5    1.24  2.68
2001  91  2  6    1.40  2.30
2001  91  2  7    1.44  2.44
2001  91  2  8    1.30  2.64
2001  91  2  9    1.38  2.23
2001  91  2 10    1.80  2.05
2001  91  2 11    1.53  2.08
2001  91  2 12    2.18  2.32
2001  91  2 13    2.48  2.75
2001  91  2 14    1.36  2.90
2001  91  2 15    0.77  2.68
2001  91  2 16    1.00  2.51
2001  91  2 17    0.25  2.51
2001  91  2 18    0.81  4.08
2001  91  2 19    1.16  3.81
2001  91  2 20    1.80  3.76
2001  91  2 21    2.80  3.82
2001  91  2 22    3.40  3.95
2001  91  2 23    3.45  4.08
2001  91  2 24    3.38  4.00
2001  91  2 25    4.18  4.03
2001  91  2 26    6.17  4.03
2001  91  2 27    1.82  4.22
2001  91  2 28    2.03  1.83
2001  91  2 29    1.77  1.77
2001  91  2 30    0.79  1.77
2001  91  2 31    1.00  1.69
2001  91  2 32    1.21  1.59
2001  91  2 33    1.31  1.56
2001  91  2 34    1.08  1.59
2001  91  2 35    1.73  1.57
2001  91  2 36    1.69  1.62
2001  91  2 37    1.33  1.67
2001  91  2 38    1.28  1.75
2001  91  2 39    0.67  1.79
2001  91  2 40    0.66  1.84
2001  91  2 41    0.40  1.87
2001  91  2 42    0.39  1.77
2001  91  2 43    0.34  1.74
2001  91  2 44    0.38  1.64
2001  91  2 45    0.39  1.62
2001  91  2 46    0.42  1.64
2001  91  2 47    0.60  1.54
2001  91  2 48    0.71  1.60
2001  91  2 49    0.36 99.99
2001  91  2 50    0.53  1.69
2001  91  2 51    0.25  1.62
2001  91  2 52    0.34  1.53
2001  91  2 53    0.42  1.50
2001  91  2 54    1.52  1.49
2001  91  2 55    0.68  3.47
2001  91  2 56    0.73  2.91
2001  91  2 57    1.43  2.67
2001  91  2 58    1.53  1.98
2001  91  2 59    1.59  1.98
2001  91  3  0   -0.46  1.65
2001  91  3  1   -0.24  1.71
2001  91  3  2    0.30  2.24
2001  91  3  3    0.34  2.16
2001  91  3  4   -0.16  1.94
2001  91  3  5   -0.86  1.59
2001  91  3  6   -0.30  1.43
2001  91  3  7   -0.91  1.83
2001  91  3  8   -1.22  1.83
2001  91  3  9   -1.85  2.68
2001  91  3 10   -2.38  2.65
2001  91  3 11   -3.56  3.12
2001  91  3 12   -3.75  3.48
2001  91  3 13   -3.39  3.65
2001  91  3 14   -2.81  3.77
2001  91  3 15   -2.20  3.87
2001  91  3 16   -2.92  3.67
2001  91  3 17    1.51  3.89
2001  91  3 18    3.82  4.06
2001  91  3 19    6.09  2.75
2001  91  3 20    5.90  3.10
2001  91  3 21   -1.21  3.09
2001  91  3 22   -3.88  3.08
2001  91  3 23   -2.24  3.08
2001  91  3 24   -1.18  2.69
2001  91  3 25   -1.21  2.31
2001  91  3 26   -1.46  2.19
2001  91  3 27   -0.82  2.28
2001  91  3 28    0.75  2.20
2001  91  3 29   -0.27  1.78
2001  91  3 30   -1.60  1.47
2001  91  3 31   -1.07  1.44
2001  91  3 32    1.03  1.53
2001  91  3 33    0.76  1.47
2001  91  3 34   -0.28  1.54
2001  91  3 35   -1.16  1.60
2001  91  3 36   -2.17  1.51
2001  91  3 37   -1.22  1.44
2001  91  3 38   -1.53  1.56
2001  91  3 39   -1.31  1.71
2001  91  3 40    0.91  1.51
2001  91  3 41    1.03  1.16
2001  91  3 42    1.00  1.16
2001  91  3 43    1.37  1.17
2001  91  3 44    1.98  1.08
2001  91  3 45    2.29  1.20
2001  91  3 46    3.04  1.20
2001  91  3 47    2.42  1.17
2001  91  3 48    1.69  1.23
2001  91  3 49    1.72  1.35
2001  91  3 50    2.44  1.09
2001  91  3 51    2.45  1.09
2001  91  3 52    2.67  1.20
2001  91  3 53    5.69  1.49
2001  91  3 54    7.50  1.56
2001  91  3 55    7.74  1.28
2001  91  3 56    7.55  1.41
2001  91  3 57    7.81  1.47
2001  91  3 58    8.08  1.16
2001  91  3 59    7.95  1.17
2001  91  4  0    7.96  1.19
2001  91  4  1    8.12  1.19
2001  91  4  2    8.07  1.20
2001  91  4  3    8.05  1.25
2001  91  4  4    8.23  1.24
2001  91  4  5    8.29  1.15
2001  91  4  6    8.26  1.25
2001  91  4  7    8.30  1.17
2001  91  4  8    8.30  1.23
2001  91  4  9    8.28  1.36
2001  91  4 10    8.17  1.37
2001  91  4 11    8.03  1.19
2001  91  4 12    7.97  1.19
2001  91  4 13    8.49  1.33
2001  91  4 14    8.44  1.38
2001  91  4 15    8.10  1.34
2001  91  4 16    8.31  1.36
2001  91  4 17    8.54  1.20
2001  91  4 18    8.60  1.16
2001  91  4 19    8.58  1.03
2001  91  4 20    8.48  1.14
2001  91  4 21    8.51  1.12
2001  91  4 22    7.89  1.06
2001  91  4 23    7.96  1.45
2001  91  4 24    7.98  1.45
2001  91  4 25    7.90 99.99
2001  91  4 26    8.10  1.46
2001  91  4 27    8.16  1.46
2001  91  4 28    8.24  1.16
2001  91  4 29    8.23  1.16
2001  91  4 30    8.26 99.99
2001  91  4 31    8.30  1.10
2001  91  4 32    8.38  1.10
2001  91  4 33    8.10 99.99
2001  91  4 34    8.24  1.25
2001  91  4 35    7.88  1.21
2001  91  4 36    7.99  1.32
2001  91  4 37    8.04  1.52
2001  91  4 38    7.99  1.40
2001  91  4 39    8.09  1.49
2001  91  4 40    8.04  1.40
2001  91  4 41    7.90  1.31
2001  91  4 42    8.18  1.22
2001  91  4 43    7.98  1.22
2001  91  4 44    7.62  1.04
2001  91  4 45    7.37  1.00
2001  91  4 46    7.29  1.04
2001  91  4 47    5.94  1.07
2001  91  4 48    1.61  1.55
2001  91  4 49    0.33  1.55
2001  91  4 50   -0.80  2.08
2001  91  4 51   -0.43  1.94
2001  91  4 52   -0.69  2.12
2001  91  4 53   -1.17  2.41
2001  91  4 54   -2.03  2.47
2001  91  4 55   -2.57  2.52
2001  91  4 56   -3.02  2.82
2001  91  4 57   -1.53  3.00
2001  91  4 58   -4.14  2.69
2001  91  4 59   -2.52  3.78
2001  91  5  0   -2.38  3.45
2001  91  5  1   -2.96  3.06
2001  91  5  2   -3.53  3.61
2001  91  5  3   -3.98  2.98
2001  91  5  4   -3.45  2.83
2001  91  5  5   -3.79  3.21
2001  91  5  6   -3.67  2.90
2001  91  5  7   -4.06  2.44
2001  91  5  8   -4.62  2.48
2001  91  5  9   -5.62  2.83
2001  91  5 10   -5.86  2.89
2001  91  5 11   -5.91  2.88
2001  91  5 12   -6.06  3.08
2001  91  5 13   -6.00  2.98
2001  91  5 14   -6.11  2.87
2001  91  5 15   -6.14  2.78
2001  91  5 16   -6.12  3.23
2001  91  5 17   -6.29  3.40
2001  91  5 18   -6.43  3.28
2001  91  5 19   -6.89  2.45
2001  91  5 20   -6.70  1.61
2001  91  5 21   -6.97  1.78
2001  91  5 22   -6.76  2.19
2001  91  5 23   -7.14  2.37
2001  91  5 24   -7.01  2.53
2001  91  5 25   -7.15  2.27
2001  91  5 26   -7.29  2.20
2001  91  5 27   -7.13  1.99
2001  91  5 28   -7.37  2.54
2001  91  5 29   -7.36  2.66
2001  91  5 30   -6.92  2.68
2001  91  5 31   -5.41  2.89
2001  91  5 32   -5.32  4.12
2001  91  5 33   -6.02  4.32
2001  91  5 34   -4.41  5.29
2001  91  5 35   -5.39  4.20
2001  91  5 36   -5.41  4.17
2001  91  5 37   -5.06 99.99
2001  91  5 38   -4.62  4.74
2001  91  5 39   -4.49  4.72
2001  91  5 40   -4.89  3.94
2001  91  5 41   -4.14  4.60
2001  91  5 42   -6.61  3.26
2001  91  5 43   -7.37  2.72
2001  91  5 44   -7.60  2.40
2001  91  5 45   -7.70  2.00
2001  91  5 46   -7.71  2.22
2001  91  5 47   -7.69  2.08
2001  91  5 48   -7.67  2.05
2001  91  5 49   -7.66  2.31
2001  91  5 50   -7.75  1.72
2001  91  5 51   -7.86  1.91
2001  91  5 52   -7.96  2.02
2001  91  5 53   -8.03  1.65
2001  91  5 54   -7.72  1.91
2001  91  5 55   -7.86  1.75
2001  91  5 56   -7.88  1.98
2001  91  5 57   -7.97  2.66
2001  91  5 58   -7.88  2.49
2001  91  5 59   -7.82  2.18
2001  91  6  0   -7.71  2.15
2001  91  6  1   -7.33  1.92
2001  91  6  2   -6.90  1.71
2001  91  6  3   -6.79  1.60
2001  91  6  4   -6.21  2.59
2001  91  6  5   -5.68  2.39
2001  91  6  6   -6.61  2.38
2001  91  6  7   -7.93  2.38
2001  91  6  8   -7.78  2.47
2001  91  6  9   -8.01  2.85
2001  91  6 10   -7.37  3.03
2001  91  6 11   -7.29  2.64
2001  91  6 12   -7.31  2.64
2001  91  6 13   -7.49  2.71
2001  91  6 14   -7.23  2.71
2001  91  6 15   -7.33  2.66
2001  91  6 16   -7.92  2.19
2001  91  6 17   -7.80  2.87
2001  91  6 18   -7.51  2.18
2001  91  6 19   -7.38  2.64
2001  91  6 20   -7.63  2.24
2001  91  6 21   -7.64  2.00
2001  91  6 22   -7.55  2.17
2001  91  6 23   -7.29  2.42
2001  91  6 24   -7.25  2.46
2001  91  6 25   -7.35  2.43
2001  91  6 26   -7.54  2.50
2001  91  6 27   -7.07  2.73
2001  91  6 28   -7.79  2.71
2001  91  6 29   -7.88  2.68
2001  91  6 30   -7.23  2.48
2001  91  6 31   -7.39  2.84
2001  91  6 32   -7.85  2.29
2001  91  6 33   -7.84  2.39
2001  91  6 34   -8.02  2.44
2001  91  6 35   -8.27  2.20
2001  91  6 36   -8.40  2.82
2001  91  6 37   -7.28  3.13
2001  91  6 38   -7.42  2.80
2001  91  6 39   -6.48  2.96
2001  91  6 40   -6.84  2.90
2001  91  6 41   -6.83  2.91
2001  91  6 42   -6.34  2.42
2001  91  6 43   -7.03  2.25
2001  91  6 44   -7.04  2.39
2001  91  6 45   -7.01  2.61
2001  91  6 46   -6.93  2.57
2001  91  6 47   -6.47  2.68
2001  91  6 48   -6.13  2.84
2001  91  6 49   -5.41  2.87
2001  91  6 50   -4.73  3.18
2001  91  6 51   -5.14  2.98
2001  91  6 52   -5.26  3.13
2001  91  6 53   -5.33  2.86
2001  91  6 54   -5.29  2.86
2001  91  6 55   -5.42  3.03
2001  91  6 56   -5.50  2.62
2001  91  6 57   -5.71  2.90
2001  91  6 58   -6.77  3.08
2001  91  6 59   -7.15  3.32
2001  91  7  0   -6.48  3.72
2001  91  7  1   -5.25  3.76
2001  91  7  2   -4.78  3.01
2001  91  7  3   -4.80  3.13
2001  91  7  4   -4.75  3.10
2001  91  7  5   -4.32  3.22
2001  91  7  6   -3.75  2.98
2001  91  7  7   -3.81  3.08
2001  91  7  8   -3.69  3.13
2001  91  7  9   -3.60  3.18
2001  91  7 10   -3.15  3.02
2001  91  7 11   -3.12  3.06
2001  91  7 12   -3.23 99.99
2001  91  7 13   -3.52 99.99
2001  91  7 14   -3.60  3.21
2001  91  7 15   -3.34  3.21
2001  91  7 16   -3.20  2.83
2001  91  7 17   -3.00  2.87
2001  91  7 18   -2.63  3.10
2001  91  7 19   -1.51  3.55
2001  91  7 20   -1.10  2.38
2001  91  7 21   -1.81  2.16
2001  91  7 22   -2.57  2.16
2001  91  7 23   -3.85  2.35
2001  91  7 24   -3.52  2.35
2001  91  7 25   -2.72  2.26
2001  91  7 26   -2.20  2.51
2001  91  7 27   -2.60  2.45
2001  91  7 28   -2.42  2.67
2001  91  7 29   -2.38  2.58
2001  91  7 30   -2.14  3.19
2001  91  7 31   -2.45  2.40
2001  91  7 32   -1.70  2.95
2001  91  7 33   -0.77  2.96
2001  91  7 34   -0.07  3.29
2001  91  7 35   -2.16  2.90
2001  91  7 36   -2.69  2.59
2001  91  7 37   -1.84  2.49
2001  91  7 38   -1.80  2.45
2001  91  7 39   -1.40  2.05
2001  91  7 40   -1.27  1.98
2001  91  7 41   -1.18  2.38
2001  91  7 42   -1.42  2.05
2001  91  7 43   -1.22  2.05
2001  91  7 44   -1.25  2.17
2001  91  7 45   -1.09  2.40
2001  91  7 46   -0.41  2.75
2001  91  7 47    0.14  2.75
2001  91  7 48    0.28  3.16
2001  91  7 49    0.85  2.78
2001  91  7 50    0.23  2.57
2001  91  7 51   -0.26  2.33
2001  91  7 52   -1.33  2.56
2001  91  7 53   -1.25  2.28
2001  91  7 54   -1.23  2.33
2001  91  7 55   -0.73  2.48
2001  91  7 56   -0.34  2.40
2001  91  7 57   -0.36  2.45
2001  91  7 58   -0.18  2.25
2001  91  7 59    0.14  2.23
2001  91  8  0   -0.28  2.19
2001  91  8  1   -0.35  1.76
2001  91  8  2   -0.08  2.61
2001  91  8  3    0.15 99.99
2001  91  8  4    1.56  3.32
2001  91  8  5    1.72  3.32
2001  91  8  6    1.63  2.59
2001  91  8  7    1.80  2.69
2001  91  8  8    1.64  2.50
2001  91  8  9    1.67  3.22
2001  91  8 10    2.10  2.56
2001  91  8 11    2.79  2.55
2001  91  8 12    2.76  3.03
2001  91  8 13    3.37  2.70
2001  91  8 14    3.70  2.92
2001  91  8 15    4.16  3.08
2001  91  8 16    4.38  2.45
2001  91  8 17    4.10  2.73
2001  91  8 18    3.96  2.29
2001  91  8 19    2.79  2.75
2001  91  8 20    2.44  3.03
2001  91  8 21    3.84  3.06
2001  91  8 22    3.93  2.00
2001  91  8 23    4.88  2.00
2001  91  8 24    3.19  2.62
2001  91  8 25    2.86  2.56
2001  91  8 26    3.44  2.18
2001  91  8 27    3.70 99.99
2001  91  8 28    4.43  1.81
2001  91  8 29    3.68  2.37
2001  91  8 30    3.88  2.05
2001  91  8 31    4.12  2.07
2001  91  8 32    4.15  1.65
2001  91  8 33    4.16  2.16
2001  91  8 34    3.92  2.07
2001  91  8 35    4.02  1.54
2001  91  8 36    4.31  1.95
2001  91  8 37    3.93  1.74
2001  91  8 38    3.81  1.63
2001  91  8 39    3.80  1.65
2001  91  8 40    3.68  1.63
2001  91  8 41    3.57  1.53
2001  91  8 42    3.48  1.78
2001  91  8 43    2.73  1.94
2001  91  8 44    2.09  2.15
2001  91  8 45    2.04  1.79
2001  91  8 46    1.92  2.18
2001  91  8 47    2.03  1.80
2001  91  8 48    2.18  2.05
2001  91  8 49    2.00  2.19
2001  91  8 50    2.01  1.91
2001  91  8 51    2.18  2.16
2001  91  8 52    2.13  2.11
2001  91  8 53    2.22 99.99
2001  91  8 54    2.41 99.99
2001  91  8 55    2.14  2.03
2001  91  8 56    2.07  2.30
2001  91  8 57    2.05  2.16
2001  91  8 58    2.42  2.22
2001  91  8 59    2.26  1.91
2001  91  9  0    2.10  1.77
2001  91  9  1    2.23  2.02
2001  91  9  2    2.20  1.89
2001  91  9  3    2.15  2.00
2001  91  9  4    2.16  1.94
2001  91  9  5    2.16  1.95
2001  91  9  6    2.19  1.98
2001  91  9  7    2.19  1.99
2001  91  9  8    2.19  1.94
2001  91  9  9    2.15  1.94
2001  91  9 10    2.38  1.94
2001  91  9 11    2.48  1.97
2001  91  9 12    2.51  2.11
2001  91  9 13    2.79  1.90
2001  91  9 14    2.70  1.68
2001  91  9 15    2.89  1.74
2001  91  9 16    2.95  1.62
2001  91  9 17    2.92  1.54
2001  91  9 18    3.12  1.49
2001  91  9 19    2.89  1.60
2001  91  9 20    2.94  1.61
2001  91  9 21    3.04  1.63
2001  91  9 22    2.95  1.53
2001  91  9 23    2.92  1.44
2001  91  9 24    2.83  1.40
2001  91  9 25    2.55  1.37
2001  91  9 26    2.40  1.34
2001  91  9 27    2.42  1.37
2001  91  9 28    2.61  1.41
2001  91  9 29    2.42  1.31
2001  91  9 30    2.32  1.39
2001  91  9 31    2.37  1.47
2001  91  9 32    2.37  1.28
2001  91  9 33    2.59  1.41
2001  91  9 34    2.57  1.33
2001  91  9 35    2.25  1.31
2001  91  9 36    2.23  1.36
2001  91  9 37    2.44  1.37
2001  91  9 38    2.46  1.19
2001  91  9 39    2.56  1.20
2001  91  9 40    2.49  1.28
2001  91  9 41    2.47  1.28
2001  91  9 42    2.55  1.29
2001  91  9 43    2.81  1.31
2001  91  9 44    2.82  1.35
2001  91  9 45    2.76  1.28
2001  91  9 46    3.08  1.19
2001  91  9 47    3.19  1.16
2001  91  9 48    3.24  1.24
2001  91  9 49    3.25  1.21
2001  91  9 50    3.26  1.22
2001  91  9 51    3.21  1.22
2001  91  9 52    3.30  1.27
2001  91  9 53    3.53  1.20
2001  91  9 54    3.50  1.28
2001  91  9 55    3.48  1.27
2001  91  9 56    3.62  1.28
2001  91  9 57    3.63  1.34
2001  91  9 58    3.55  1.23
2001  91  9 59    3.43  1.19
2001  91 10  0    3.45  1.15
2001  91 10  1    2.92  1.20
2001  91 10  2    2.83  1.12
2001  91 10  3    3.10  1.12
2001  91 10  4    2.84  1.15
2001  91 10  5    2.94  1.10
2001  91 10  6    3.33  1.08
2001  91 10  7    3.37  1.12
2001  91 10  8    3.19  1.12
2001  91 10  9    3.04  1.16
2001  91 10 10    2.90  1.18
2001  91 10 11    2.93  1.16
2001  91 10 12    2.98  1.10
2001  91 10 13    2.95  1.12
2001  91 10 14    3.05  1.14
2001  91 10 15    3.13  1.19
2001  91 10 16    3.15  1.16
2001  91 10 17    3.17  1.09
2001  91 10 18    3.03  1.14
2001  91 10 19    2.95  1.16
2001  91 10 20    2.94  1.16
2001  91 10 21    2.99  1.15
2001  91 10 22    3.09  1.15
2001  91 10 23    3.18  1.18
2001  91 10 24    3.19  1.20
2001  91 10 25    3.15  1.13
2001  91 10 26    3.08  1.12
2001  91 10 27    3.08  1.09
2001  91 10 28    3.12  1.16
2001  91 10 29    3.02  1.15
2001  91 10 30    2.76  1.17
2001  91 10 31    2.68  1.13
2001  91 10 32    2.67  1.07
2001  91 10 33    2.49  1.09
2001  91 10 34    2.47  1.01
2001  91 10 35    2.66  1.16
2001  91 10 36    2.04  1.17
2001  91 10 37    2.19  1.06
2001  91 10 38    2.48  1.06
2001  91 10 39    2.56  1.10
2001  91 10 40    2.67  1.05
2001  91 10 41    2.74  1.08
2001  91 10 42    2.65  1.16
2001  91 10 43    2.57  1.14
2001  91 10 44    2.56  1.23
2001  91 10 45    2.59  1.23
2001  91 10 46    2.74  1.09
2001  91 10 47    3.05  1.28
2001  91 10 48    2.30  1.20
2001  91 10 49    2.68  1.13
2001  91 10 50    2.79  1.09
2001  91 10 51    3.06  1.18
2001  91 10 52    3.16  1.22
2001  91 10 53    2.19  1.11
2001  91 10 54    2.22  1.28
2001  91 10 55    2.33  1.08
2001  91 10 56    2.08  1.16
2001  91 10 57    1.94  1.08
2001  91 10 58    1.73  1.09
2001  91 10 59    1.74  1.05
2001  91 11  0    1.37  1.11
2001  91 11  1    1.86  1.09
2001  91 11  2    2.13  1.07
2001  91 11  3    2.25  1.10
2001  91 11  4    2.42  1.08
2001  91 11  5    2.53  1.08
2001  91 11  6    2.51  1.02
2001  91 11  7    2.40  1.02
2001  91 11  8    1.79  1.01
2001  91 11  9    1.42  1.05
2001  91 11 10    1.38  1.18
2001  91 11 11    1.37  1.02
2001  91 11 12    1.30  1.14
2001  91 11 13    1.27  1.09
2001  91 11 14    1.40  1.11
2001  91 11 15    1.45  1.11
2001  91 11 16    1.56  1.03
2001  91 11 17    1.79  1.04
2001  91 11 18    1.62  1.09
2001  91 11 19    1.77  1.10
2001  91 11 20    1.82  1.00
2001  91 11 21    1.89  1.04
2001  91 11 22    1.97  0.97
2001  91 11 23    1.94  0.99
2001  91 11 24    2.01  0.99
2001  91 11 25    1.89  0.92
2001  91 11 26    1.99  0.98
2001  91 11 27    1.97  0.95
2001  91 11 28    1.93  0.96
2001  91 11 29    2.01  0.92
2001  91 11 30    2.03  0.92
2001  91 11 31    1.81  0.96
2001  91 11 32    1.89  1.04
2001  91 11 33    1.86  1.04
2001  91 11 34    1.82  1.02
2001  91 11 35    1.80  1.04
2001  91 11 36    2.13  1.14
2001  91 11 37    2.18  1.10
2001  91 11 38    2.20  1.07
2001  91 11 39    2.27  1.08
2001  91 11 40    2.30  1.06
2001  91 11 41    2.26  1.18
2001  91 11 42    2.14  1.24
2001  91 11 43    2.00  1.00
2001  91 11 44    1.87  1.00
2001  91 11 45    1.89  1.06
2001  91 11 46    1.86  1.04
2001  91 11 47    1.86  1.04
2001  91 11 48    2.02  1.01
2001  91 11 49    1.92  1.00
2001  91 11 50    1.79  1.05
2001  91 11 51    1.62  1.07
2001  91 11 52    1.54  1.04
2001  91 11 53    1.59  1.03
2001  91 11 54    1.41  1.01
2001  91 11 55    1.55  1.00
2001  91 11 56    1.50  1.02
2001  91 11 57    1.38  0.90
2001  91 11 58    1.27  1.02
2001  91 11 59    1.08  0.90
2001  91 12  0    1.02  0.93
2001  91 12  1    1.22  0.99
2001  91 12  2    1.24  1.00
2001  91 12  3    1.05  0.99
2001  91 12  4    0.90  0.96
2001  91 12  5    0.90  0.96
2001  91 12  6    1.08  0.90
2001  91 12  7    1.24  0.90
2001  91 12  8    1.34  0.87
2001  91 12  9    1.30  0.75
2001  91 12 10    1.44  0.87
2001  91 12 11    1.51  0.91
2001  91 12 12    1.39  0.68
2001  91 12 13    1.30  0.75
2001  91 12 14    1.43  0.85
2001  91 12 15    1.23  0.68
2001  91 12 16    1.17 99.99
2001  91 12 17    0.93  0.69
2001  91 12 18    1.06  0.65
2001  91 12 19    0.94  0.67
2001  91 12 20    0.68  0.67
2001  91 12 21    0.74  0.66
2001  91 12 22    0.73  0.66
2001  91 12 23    1.29  0.84
2001  91 12 24    1.10  0.79
2001  91 12 25    0.87  0.81
2001  91 12 26    0.49  0.73
2001  91 12 27    0.12  0.71
2001  91 12 28   -0.41  0.71
2001  91 12 29    3.05  0.70
2001  91 12 30    3.74  1.35
2001  91 12 31    3.56  1.28
2001  91 12 32    3.84  1.28
2001  91 12 33    4.48  1.55
2001  91 12 34    4.96  1.29
2001  91 12 35    4.25  1.41
2001  91 12 36    3.73  1.36
2001  91 12 37    3.57  1.41
2001  91 12 38    4.49 99.99
2001  91 12 39    4.81  1.33
2001  91 12 40    5.11  1.57
2001  91 12 41    5.25  1.28
2001  91 12 42    5.96  1.19
2001  91 12 43    6.41  1.18
2001  91 12 44    4.91  1.37
2001  91 12 45    4.11  1.41
2001  91 12 46    4.48  1.36
2001  91 12 47    4.28  1.31
2001  91 12 48    4.35  1.22
2001  91 12 49    4.03  1.38
2001  91 12 50    3.94  1.37
2001  91 12 51    3.60  1.39
2001  91 12 52    3.43  1.42
2001  91 12 53    3.68  1.31
2001  91 12 54    3.58  1.53
2001  91 12 55    3.54  1.51
2001  91 12 56    3.61  1.35
2001  91 12 57    3.54  1.43
2001  91 12 58    3.60  1.42
2001  91 12 59    3.34  1.62
2001  91 13  0    3.28  1.44
2001  91 13  1    3.87 99.99
2001  91 13  2    3.34  1.64
2001  91 13  3    2.99  1.58
2001  91 13  4    3.32  1.48
2001  91 13  5    3.23  1.16
2001  91 13  6    1.85  1.33
2001  91 13  7    2.24  1.16
2001  91 13  8    2.34  1.26
2001  91 13  9    2.39  1.04
2001  91 13 10    2.08  1.14
2001  91 13 11    2.65  1.33
2001  91 13 12    2.28  1.36
2001  91 13 13    2.76  1.21
2001  91 13 14    2.62  1.35
2001  91 13 15    2.58  1.20
2001  91 13 16    2.44  1.29
2001  91 13 17    2.70  1.32
2001  91 13 18    2.50  1.20
2001  91 13 19    2.07  1.34
2001  91 13 20    1.92  1.16
2001  91 13 21    2.03  1.16
2001  91 13 22    2.17  1.33
2001  91 13 23    2.30  1.17
2001  91 13 24    2.31  1.25
2001  91 13 25    2.41  1.14
2001  91 13 26    2.31  1.12
2001  91 13 27    1.93  1.20
2001  91 13 28    1.68  1.19
2001  91 13 29    1.58  1.34
2001  91 13 30    1.55  1.13
2001  91 13 31    1.51  1.35
2001  91 13 32    1.55  1.18
2001  91 13 33    1.40  1.30
2001  91 13 34    1.29  1.03
2001  91 13 35    1.00  1.09
2001  91 13 36    0.81  0.96
2001  91 13 37    0.76  1.02
2001  91 13 38    0.59  0.75
2001  91 13 39    0.71  0.89
2001  91 13 40    0.28  0.77
2001  91 13 41   -0.02  0.89
2001  91 13 42    0.20  0.83
2001  91 13 43    0.01  0.78
2001  91 13 44    0.34  0.81
2001  91 13 45    0.23  0.81
2001  91 13 46    0.32  0.81
2001  91 13 47    0.10  0.71
2001  91 13 48   -0.04  0.87
2001  91 13 49   -0.10  0.83
2001  91 13 50   -0.18  0.80
2001  91 13 51    0.05  0.93
2001  91 13 52    0.23  0.73
2001  91 13 53    0.73  0.84
2001  91 13 54    1.90  0.84
2001  91 13 55    1.87  0.82
2001  91 13 56    1.74  0.82
2001  91 13 57    1.58  0.84
2001  91 13 58    2.07  0.90
2001  91 13 59    2.13  1.07
2001  91 14  0    2.19  1.06
2001  91 14  1    2.39  0.76
2001  91 14  2    1.84  1.06
2001  91 14  3    1.80  0.98
2001  91 14  4    1.70  0.87
2001  91 14  5    1.50  0.92
2001  91 14  6    1.02  0.94
2001  91 14  7    0.84  0.70
2001  91 14  8    0.93  0.76
2001  91 14  9    1.03  0.68
2001  91 14 10    1.16  0.67
2001  91 14 11    1.13  0.73
2001  91 14 12    1.28  0.73
2001  91 14 13    1.47  0.76
2001  91 14 14    1.69  0.76
2001  91 14 15    1.64  0.75
2001  91 14 16    1.46  0.74
2001  91 14 17    1.55  0.73
2001  91 14 18    1.63  0.69
2001  91 14 19    1.56  0.64
2001  91 14 20    1.69  0.74
2001  91 14 21    1.57  0.70
2001  91 14 22    1.66  0.66
2001  91 14 23    1.47  0.65
2001  91 14 24    1.20  0.67
2001  91 14 25    1.11  0.62
2001  91 14 26    1.07  0.64
2001  91 14 27    1.19  0.71
2001  91 14 28    1.25  0.75
2001  91 14 29    1.39  0.64
2001  91 14 30    1.34  0.71
2001  91 14 31    1.43  0.71
2001  91 14 32    1.60  0.74
2001  91 14 33    1.72  0.74
2001  91 14 34    1.82  0.66
2001  91 14 35    1.93  0.70
2001  91 14 36    1.77  0.75
2001  91 14 37    1.69  0.71
2001  91 14 38    1.71  0.73
2001  91 14 39    1.81  0.69
2001  91 14 40    1.72  0.70
2001  91 14 41    1.71  0.84
2001  91 14 42    1.65  0.74
2001  91 14 43    1.85  0.72
2001  91 14 44    1.77  0.62
2001  91 14 45    1.77  0.67
2001  91 14 46    1.59  0.69
2001  91 14 47    1.50  0.74
2001  91 14 48    1.47  0.76
2001  91 14 49    1.42  0.75
2001  91 14 50    1.33  0.81
2001  91 14 51    1.24  0.79
2001  91 14 52    1.11  0.72
2001  91 14 53    0.76  0.69
2001  91 14 54    0.76  0.68
2001  91 14 55    0.94  0.89
2001  91 14 56    1.08  0.85
2001  91 14 57    0.92  0.70
2001  91 14 58    0.99  0.78
2001  91 14 59    1.15  0.67
2001  91 15  0    1.38  0.91
2001  91 15  1    1.22  0.77
2001  91 15  2    0.41  0.75
2001  91 15  3    0.27  0.65
2001  91 15  4    0.24  0.78
2001  91 15  5    0.21  0.77
2001  91 15  6   -0.08  0.83
2001  91 15  7   -0.58  0.80
2001  91 15  8   -0.53  0.78
2001  91 15  9   -0.57  0.77
2001  91 15 10   -0.52  0.75
2001  91 15 11   -0.80  0.67
2001  91 15 12   -0.64  0.62
2001  91 15 13   -0.56  0.66
2001  91 15 14   -0.42  0.64
2001  91 15 15   -0.38  0.65
2001  91 15 16   -0.24  0.67
2001  91 15 17   -0.22  0.65
2001  91 15 18   -0.31  0.71
2001  91 15 19   -0.38  0.67
2001  91 15 20   -0.54  0.69
2001  91 15 21   -0.27  0.64
2001  91 15 22   -0.37  0.65
2001  91 15 23   -0.31  0.65
2001  91 15 24   -0.39  0.57
2001  91 15 25   -0.35  0.60
2001  91 15 26   -0.36  0.66
2001  91 15 27   -0.26  0.65
2001  91 15 28   -0.34  0.65
2001  91 15 29   -0.40  0.65
2001  91 15 30   -0.44  0.77
2001  91 15 31   -0.34  0.71
2001  91 15 32   -0.24  0.75
2001  91 15 33   -0.25  0.74
2001  91 15 34   -0.21  0.74
2001  91 15 35    0.00  0.77
2001  91 15 36    0.50  0.84
2001  91 15 37    0.28  0.79
2001  91 15 38   -0.12  0.82
2001  91 15 39    0.06  0.77
2001  91 15 40    0.16  0.75
2001  91 15 41    0.34  0.69
2001  91 15 42    0.47  0.78
2001  91 15 43    0.54  0.78
2001  91 15 44    0.50  0.74
2001  91 15 45    0.49  0.78
2001  91 15 46    0.46  0.75
2001  91 15 47    0.46  0.74
2001  91 15 48    0.56  0.77
2001  91 15 49    0.27  0.74
2001  91 15 50    0.30  0.77
2001  91 15 51    0.63  0.76
2001  91 15 52    0.49  0.70
2001  91 15 53    0.32  0.75
2001  91 15 54    0.18  0.77
2001  91 15 55    0.45  0.69
2001  91 15 56    0.63  0.70
2001  91 15 57    0.61  0.69
2001  91 15 58    0.63  0.67
2001  91 15 59    0.58  0.70
2001  91 16  0    0.64  0.67
2001  91 16  1    0.68  0.67
2001  91 16  2    0.52  0.74
2001  91 16  3    0.67  0.77
2001  91 16  4    0.70  0.86
2001  91 16  5    0.72  0.79
2001  91 16  6    0.79  0.85
2001  91 16  7    0.71  0.75
2001  91 16  8    0.65  0.89
2001  91 16  9    0.70  0.90
2001  91 16 10    0.60  0.95
2001  91 16 11    0.72  0.95
2001  91 16 12    0.70  0.80
2001  91 16 13    0.70  0.93
2001  91 16 14    0.66  0.79
2001  91 16 15    0.60  0.75
2001  91 16 16    0.68  0.84
2001  91 16 17    0.77  0.87
2001  91 16 18    0.62  0.81
2001  91 16 19    0.62  0.65
2001  91 16 20    0.71  0.55
2001  91 16 21    0.90  0.65
2001  91 16 22    0.81  0.66
2001  91 16 23    0.80  0.65
2001  91 16 24    0.77  0.68
2001  91 16 25    0.78  0.66
2001  91 16 26    0.55  0.68
2001  91 16 27    0.59  0.66
2001  91 16 28    0.50  0.85
2001  91 16 29    0.27  0.79
2001  91 16 30    0.25  0.74
2001  91 16 31    0.30  0.74
2001  91 16 32    0.28  0.91
2001  91 16 33    0.22  0.78
2001  91 16 34    0.92  0.77
2001  91 16 35    0.85  0.70
2001  91 16 36    0.53  1.03
2001  91 16 37    0.61  1.05
2001  91 16 38    0.59  1.07
2001  91 16 39    0.72  1.12
2001  91 16 40    0.74  1.15
2001  91 16 41    0.74  1.14
2001  91 16 42    0.75  1.17
2001  91 16 43    0.81  1.06
2001  91 16 44    0.93  1.09
2001  91 16 45    0.86  0.95
2001  91 16 46    0.64  0.93
2001  91 16 47    0.57  0.75
2001  91 16 48    0.56  0.88
2001  91 16 49    0.63  0.91
2001  91 16 50    0.65  0.91
2001  91 16 51    0.78  0.88
2001  91 16 52    0.62  1.14
2001  91 16 53    0.57  1.20
2001  91 16 54    0.63  1.06
2001  91 16 55    0.52  1.21
2001  91 16 56    0.57  1.09
2001  91 16 57    0.67  1.05
2001  91 16 58    0.56  1.01
2001  91 16 59    0.60  1.09
2001  91 17  0    0.22  1.06
2001  91 17  1    0.28  0.92
2001  91 17  2    0.45  1.12
2001  91 17  3    0.65  1.03
2001  91 17  4    0.78  1.04
2001  91 17  5    0.72  1.04
2001  91 17  6    0.58  1.07
2001  91 17  7    0.57  1.04
2001  91 17  8    0.16  1.06
2001  91 17  9    0.12  1.04
2001  91 17 10    0.20  1.15
2001  91 17 11    0.16  0.96
2001  91 17 12    0.24  0.99
2001  91 17 13    0.35  1.13
2001  91 17 14    0.19  1.09
2001  91 17 15    0.27  1.08
2001  91 17 16    0.36  1.03
2001  91 17 17    0.13  1.09
2001  91 17 18    0.03  1.10
2001  91 17 19    0.17  1.27
2001  91 17 20    0.28  0.98
2001  91 17 21    0.12  1.04
2001  91 17 22   -0.07  1.03
2001  91 17 23   -0.18  0.87
2001  91 17 24   -0.23  0.97
2001  91 17 25   -0.36  0.74
2001  91 17 26   -0.29  1.03
2001  91 17 27   -0.39  0.95
2001  91 17 28   -0.50  1.17
2001  91 17 29   -0.51  0.93
2001  91 17 30   -0.57  1.06
2001  91 17 31   -0.39  0.94
2001  91 17 32   -0.53  1.01
2001  91 17 33   -0.62  1.03
2001  91 17 34   -0.63  1.11
2001  91 17 35   -0.67  1.00
2001  91 17 36   -0.67  1.07
2001  91 17 37   -0.73  1.04
2001  91 17 38   -0.73  1.02
2001  91 17 39   -0.57  0.99
2001  91 17 40   -0.58  1.00
2001  91 17 41   -0.42  1.10
2001  91 17 42   -0.50  0.92
2001  91 17 43   -0.46  0.93
2001  91 17 44   -0.44  0.83
2001  91 17 45   -0.45  0.84
2001  91 17 46   -0.55  0.73
2001  91 17 47   -0.48  0.92
2001  91 17 48   -0.61  0.82
2001  91 17 49   -0.71  1.03
2001  91 17 50   -0.63  0.88
2001  91 17 51   -0.65  0.93
2001  91 17 52   -0.78  0.93
2001  91 17 53   -0.80  0.83
2001  91 17 54   -0.88  0.92
2001  91 17 55   -0.84  0.85
2001  91 17 56   -0.86  0.93
2001  91 17 57   -0.93  0.97
2001  91 17 58   -0.86  0.80
2001  91 17 59   -0.66  0.90
2001  91 18  0   -1.04  0.81
2001  91 18  1   -0.93  0.86
2001  91 18  2   -0.80  0.76
2001  91 18  3   -0.72  1.04
2001  91 18  4   -0.60  0.86
2001  91 18  5   -0.67  1.07
2001  91 18  6   -0.53  0.84
2001  91 18  7   -0.43  0.86
2001  91 18  8   -0.41  0.81
2001  91 18  9   -0.38  0.85
2001  91 18 10   -0.45  0.73
2001  91 18 11   -0.46  0.79
2001  91 18 12   -0.49  0.70
2001  91 18 13   -0.59  0.75
2001  91 18 14   -0.67  0.85
2001  91 18 15   -0.28  0.89
2001  91 18 16    0.04  0.98
2001  91 18 17    0.13  0.82
2001  91 18 18    0.28  0.88
2001  91 18 19    0.26  0.75
2001  91 18 20    0.33  0.72
2001  91 18 21    0.34  0.79
2001  91 18 22    0.07  0.79
2001  91 18 23    0.02  0.79
2001  91 18 24    0.06  0.78
2001  91 18 25   -0.11 99.99
2001  91 18 26   -0.01 99.99
2001  91 18 27   -0.01  0.78
2001  91 18 28   -0.23  0.81
2001  91 18 29   -0.41  0.83
2001  91 18 30   -0.57  0.81
2001  91 18 31   -0.47  0.91
2001  91 18 32   -0.35  0.85
2001  91 18 33   -0.19  0.89
2001  91 18 34   -0.43  0.91
2001  91 18 35   -0.14  1.06
2001  91 18 36   -0.25  1.00
2001  91 18 37   -0.46  1.15
2001  91 18 38   -0.18  1.10
2001  91 18 39   -0.14  1.11
2001  91 18 40   -0.29  0.92
2001  91 18 41   -0.24  1.08
2001  91 18 42   -0.40  1.14
2001  91 18 43   -0.35  1.37
2001  91 18 44   -0.28  1.30
2001  91 18 45   -0.33  1.29
2001  91 18 46   -0.25  1.30
2001  91 18 47   -0.14  1.33
2001  91 18 48   -0.15  1.34
2001  91 18 49   -0.28  1.23
2001  91 18 50   -0.30  1.44
2001  91 18 51   -0.38  1.36
2001  91 18 52   -0.45  1.42
2001  91 18 53   -0.08  1.19
2001  91 18 54   -0.07  1.18
2001  91 18 55   -0.23  1.05
2001  91 18 56   -0.18  1.27
2001  91 18 57   -0.08  1.23
2001  91 18 58    0.00  1.15
2001  91 18 59   -0.19  1.08
2001  91 19  0    0.02  1.00
2001  91 19  1   -0.16  1.29
2001  91 19  2   -0.17  1.26
2001  91 19  3   -0.40  1.32
2001  91 19  4   -0.38  1.32
2001  91 19  5   -0.27  1.14
2001  91 19  6   -0.28  1.20
2001  91 19  7   -0.28  1.19
2001  91 19  8   -0.27  1.31
2001  91 19  9   -0.23  1.21
2001  91 19 10   -0.06  1.26
2001  91 19 11   -0.09  1.16
2001  91 19 12   -0.10  1.09
2001  91 19 13   -0.06  1.42
2001  91 19 14   -0.04  1.14
2001  91 19 15    0.07  1.39
2001  91 19 16    0.06  1.27
2001  91 19 17    0.17  1.26
2001  91 19 18    0.07  1.32
2001  91 19 19    0.16  1.15
2001  91 19 20    0.08  1.27
2001  91 19 21   -0.12  1.21
2001  91 19 22   -0.03  1.19
2001  91 19 23   -0.01  1.08
2001  91 19 24   -0.13  1.16
2001  91 19 25   -0.28  1.06
2001  91 19 26   -0.37  1.30
2001  91 19 27   -0.31  0.85
2001  91 19 28   -0.32  1.20
2001  91 19 29   -0.25  0.96
2001  91 19 30    0.06  0.99
2001  91 19 31    0.08  0.87
2001  91 19 32    0.05  0.93
2001  91 19 33    0.09  0.93
2001  91 19 34    0.39  1.00
2001  91 19 35    0.96  0.92
2001  91 19 36    1.55  0.83
2001  91 19 37    1.41  0.85
2001  91 19 38    0.84  0.90
2001  91 19 39    0.21  0.94
2001  91 19 40   -0.25  0.72
2001  91 19 41   -0.47  1.51
2001  91 19 42   -0.28  1.16
2001  91 19 43   -0.48  1.28
2001  91 19 44   -0.70  1.32
2001  91 19 45   -1.19  1.28
2001  91 19 46   -1.11  1.08
2001  91 19 47   -1.15  1.06
2001  91 19 48   -1.04  0.97
2001  91 19 49   -0.99  1.18
2001  91 19 50   -0.86  1.11
2001  91 19 51   -0.70  1.15
2001  91 19 52   -0.67  1.04
2001  91 19 53   -0.77  1.01
2001  91 19 54   -0.89  1.14
2001  91 19 55   -1.03  1.16
2001  91 19 56   -1.00  1.08
2001  91 19 57   -0.95  1.13
2001  91 19 58   -1.30  1.29
2001  91 19 59   -1.13  1.11
2001  91 20  0   -1.03  1.05
2001  91 20  1   -1.35  1.03
2001  91 20  2   -1.52  1.04
2001  91 20  3   -0.88  0.98
2001  91 20  4   -0.78  0.90
2001  91 20  5   -0.26  1.08
2001  91 20  6    0.02  1.09
2001  91 20  7    0.60  1.08
2001  91 20  8    0.09  1.13
2001  91 20  9    0.54  1.02
2001  91 20 10    0.52  1.00
2001  91 20 11   -0.19  1.04
2001  91 20 12    0.14  1.13
2001  91 20 13    0.18  1.20
2001  91 20 14    0.08  1.21
2001  91 20 15   -0.14  1.20
2001  91 20 16   -0.47  1.13
2001  91 20 17   -0.50  1.04
2001  91 20 18   -0.35  1.16
2001  91 20 19   -0.37  1.23
2001  91 20 20   -0.20  1.25
2001  91 20 21   -0.36  1.27
2001  91 20 22   -0.36  1.26
2001  91 20 23   -0.51  1.21
2001  91 20 24   -0.30  1.24
2001  91 20 25   -0.27  1.19
2001  91 20 26   -0.38  1.20
2001  91 20 27   -0.08  1.23
2001  91 20 28    0.06  1.17
2001  91 20 29   -0.33  1.28
2001  91 20 30   -0.65  1.32
2001  91 20 31   -0.99  1.32
2001  91 20 32   -0.61  1.26
2001  91 20 33   -0.69  1.19
2001  91 20 34   -0.99  1.06
2001  91 20 35   -1.04  1.08
2001  91 20 36   -0.90  1.17
2001  91 20 37   -1.11  0.91
2001  91 20 38   -1.10  0.91
2001  91 20 39   -1.01  1.02
2001  91 20 40   -0.94  0.89
2001  91 20 41   -0.98  1.04
2001  91 20 42   -0.98  1.02
2001  91 20 43   -1.04  1.04
2001  91 20 44   -0.95  1.17
2001  91 20 45   -1.03  1.03
2001  91 20 46   -1.03  1.08
2001  91 20 47   -0.92  1.01
2001  91 20 48   -1.05  1.01
2001  91 20 49   -1.13  0.93
2001  91 20 50   -1.03  0.98
2001  91 20 51   -0.90  0.96
2001  91 20 52   -0.87  1.00
2001  91 20 53   -1.03  1.02
2001  91 20 54   -1.13  0.97
2001  91 20 55   -0.32  0.94
2001  91 20 56   -0.57  0.95
2001  91 20 57   -0.57  0.90
2001  91 20 58   -0.77  0.91
2001  91 20 59   -0.83  1.06
2001  91 21  0   -0.62  0.92
2001  91 21  1   -0.55  1.01
2001  91 21  2   -0.51  0.94
2001  91 21  3   -0.97  0.87
2001  91 21  4   -1.08  0.96
2001  91 21  5   -0.54  1.04
2001  91 21  6   -0.70  1.02
2001  91 21  7   -0.99  1.15
2001  91 21  8   -1.29  1.07
2001  91 21  9   -1.34  1.03
2001  91 21 10   -1.30  0.83
2001  91 21 11   -1.38  0.79
2001  91 21 12   -1.58  1.02
2001  91 21 13   -1.47  1.16
2001  91 21 14   -1.41  0.99
2001  91 21 15   -1.00  1.15
2001  91 21 16   -0.88  1.07
2001  91 21 17   -0.92  1.10
2001  91 21 18   -0.61  1.20
2001  91 21 19   -0.66  1.13
2001  91 21 20   -1.12  0.90
2001  91 21 21   -1.10  0.81
2001  91 21 22   -1.14  0.85
2001  91 21 23   -1.13  0.79
2001  91 21 24   -1.03  0.89
2001  91 21 25   -1.01  0.75
2001  91 21 26   -1.04  0.81
2001  91 21 27   -1.04  0.92
2001  91 21 28   -1.10  0.92
2001  91 21 29   -0.98  0.80
2001  91 21 30   -0.95  0.81
2001  91 21 31   -1.00  0.73
2001  91 21 32   -0.97  0.83
2001  91 21 33   -1.03  0.78
2001  91 21 34   -1.09  0.80
2001  91 21 35   -1.14  0.71
2001  91 21 36   -1.20  0.86
2001  91 21 37   -1.08  0.81
2001  91 21 38   -0.74  0.81
2001  91 21 39   -0.71  0.82
2001  91 21 40   -0.88  0.82
2001  91 21 41   -0.83  0.81
2001  91 21 42   -0.74  0.79
2001  91 21 43   -0.88  0.92
2001  91 21 44   -0.95  0.91
2001  91 21 45   -0.96  0.82
2001  91 21 46   -1.10  0.93
2001  91 21 47   -0.67  0.98
2001  91 21 48   -0.49  1.11
2001  91 21 49   -0.58  1.01
2001  91 21 50   -0.89  1.22
2001  91 21 51   -0.86  1.15
2001  91 21 52   -1.01  1.14
2001  91 21 53   -1.16  1.05
2001  91 21 54   -0.92  1.19
2001  91 21 55   -1.10  1.22
2001  91 21 56   -1.59  1.18
2001  91 21 57   -1.66  1.07
2001  91 21 58   -1.40  1.20
2001  91 21 59   -1.83  1.29
2001  91 22  0   -2.32  1.11
2001  91 22  1   -2.07  1.09
2001  91 22  2   -1.78  1.31
2001  91 22  3   -1.60  1.29
2001  91 22  4   -1.66  1.30
2001  91 22  5   -1.52  1.34
2001  91 22  6   -1.30  1.15
2001  91 22  7   -1.27  1.18
2001  91 22  8   -1.49  1.19
2001  91 22  9   -1.49  1.30
2001  91 22 10   -1.45  1.33
2001  91 22 11   -1.07  1.40
2001  91 22 12   -1.59  1.41
2001  91 22 13   -1.90  1.40
2001  91 22 14   -1.45  1.37
2001  91 22 15   -1.37  1.43
2001  91 22 16   -1.83  1.39
2001  91 22 17   -2.04  1.39
2001  91 22 18   -1.68  1.51
2001  91 22 19   -1.48  1.14
2001  91 22 20   -1.49  1.18
2001  91 22 21   -1.41  1.26
2001  91 22 22   -1.59  1.25
2001  91 22 23   -1.72  1.16
2001  91 22 24   -2.26  1.16
2001  91 22 25   -2.60  1.21
2001  91 22 26   -2.44  1.31
2001  91 22 27   -2.83  1.51
2001  91 22 28   -2.96  1.44
2001  91 22 29   -2.86  1.36
2001  91 22 30   -2.93  1.39
2001  91 22 31   -2.23  1.39
2001  91 22 32   -3.04  1.29
2001  91 22 33   -2.90  1.22
2001  91 22 34   -2.81  1.16
2001  91 22 35   -3.13  1.24
2001  91 22 36   -2.74  1.14
2001  91 22 37   -2.59  1.22
2001  91 22 38   -2.53  1.24
2001  91 22 39   -2.48  1.08
2001  91 22 40   -2.26  1.12
2001  91 22 41   -2.09  1.06
2001  91 22 42   -1.73  1.17
2001  91 22 43   -2.37  1.25
2001  91 22 44   -2.39  1.31
2001  91 22 45   -2.50  1.31
2001  91 22 46   -2.68  1.32
2001  91 22 47   -2.84  1.24
2001  91 22 48   -2.89  1.21
2001  91 22 49   -2.83 99.99
2001  91 22 50   -2.73  1.00
2001  91 22 51   -2.93  1.19
2001  91 22 52   -3.02  1.16
2001  91 22 53   -3.14  1.20
2001  91 22 54   -3.25  1.08
2001  91 22 55   -3.34  1.11
2001  91 22 56   -3.43  1.22
2001  91 22 57   -3.45  1.15
2001  91 22 58   -2.82  1.24
2001  91 22 59   -2.90  1.42
2001  91 23  0   -2.86  1.55
2001  91 23  1   -2.86  1.29
2001  91 23  2   -2.88  1.51
2001  91 23  3   -2.80  1.24
2001  91 23  4   -2.80  1.63
2001  91 23  5   -2.82  1.50
2001  91 23  6   -2.88  1.72
2001  91 23  7   -2.56  1.97
2001  91 23  8   -2.58  1.80
2001  91 23  9   -2.46  2.04
2001  91 23 10   -1.89  1.97
2001  91 23 11   -2.11  1.95
2001  91 23 12   -1.62  2.00
2001  91 23 13   -0.90  1.96
2001  91 23 14   -1.84  1.91
2001  91 23 15   -2.59  2.23
2001  91 23 16   -2.71  2.43
2001  91 23 17   -2.39  2.61
2001  91 23 18   -2.28  2.72
2001  91 23 19   -2.87  3.27
2001  91 23 20   -2.88  3.10
2001  91 23 21   -2.79  3.20
2001  91 23 22   -2.64 99.99
2001  91 23 23   -1.86  2.43
2001  91 23 24   -1.41  2.12
2001  91 23 25   -2.12  1.95
2001  91 23 26   -2.43  2.27
2001  91 23 27   -2.56  1.99
2001  91 23 28   -2.73  1.99
2001  91 23 29   -2.65  1.99
2001  91 23 30   -2.67  2.01
2001  91 23 31   -2.67  2.17
2001  91 23 32   -2.82  2.11
2001  91 23 33   -2.46  2.24
2001  91 23 34   -2.01  2.24
2001  91 23 35   -2.32  2.00
2001  91 23 36   -2.11  1.89
2001  91 23 37   -2.10  2.15
2001  91 23 38   -2.06  1.91
2001  91 23 39   -1.82  1.56
2001  91 23 40   -2.06  2.29
2001  91 23 41   -2.21  2.43
2001  91 23 42   -2.27  2.50
2001  91 23 43   -2.14  2.48
2001  91 23 44   -2.46  2.41
2001  91 23 45   -2.90  2.74
2001  91 23 46   -3.30  1.71
2001  91 23 47   -3.57  1.69
2001  91 23 48   -3.12  1.79
2001  91 23 49   -2.56  2.24
2001  91 23 50   -2.63  2.65
2001  91 23 51   -3.12  2.12
2001  91 23 52   -3.42  1.69
2001  91 23 53   -3.27  1.46
2001  91 23 54   -3.27  1.90
2001  91 23 55   -2.69  1.90
2001  91 23 56   -2.43  1.82
2001  91 23 57   -2.22  2.17
2001  91 23 58   -2.27  2.06
2001  91 23 59   -2.83  1.75
